3.844763322456826865e-02
-1.504422282377295778e+05
1.504423282377295545e+05
-1.531625752925551787e+05
1.531626752925551555e+05
-1.384747911483338394e+05
1.384748911483338161e+05
-1.267840211773069896e+05
1.267841211773069954e+05
-1.376994605819178396e+05
1.376995605819178163e+05
-1.395041409838492982e+05
1.395042409838492749e+05
-1.364926563707939058e+05
1.364927563707938825e+05
-1.284279715794391086e+05
1.284280715794391144e+05
-1.509330808013969217e+05
1.509331808013968985e+05
-1.433643146812570340e+05
1.433644146812570107e+05
-1.255517806100930466e+05
1.255518806100930524e+05
-1.445053989621149085e+05
1.445054989621148852e+05
