1.000000000000000000e+01
-2.665704834120620426e+00
-2.665704834120620426e+00
2.815821957134943432e+00
2.815821957134943432e+00
-2.838308435741689006e+00
-2.838308435741689006e+00
2.993349210338334121e+00
2.993349210338334121e+00
-3.200447435325131984e+00
-3.200447435325131984e+00
-3.270676370814290301e+00
-3.270676370814290301e+00
-3.294631001681345150e+00
-3.294631001681345150e+00
4.019629160647015809e+00
4.019629160647015809e+00
4.603324523921194178e+00
4.603324523921194178e+00
4.607854518618957229e+00
4.607854518618957229e+00
-4.664667903455312903e+00
-4.664667903455312903e+00
-4.730620528501538580e+00
-4.730620528501538580e+00
