36 37 36 37 36 36 22 23 36
41 0 0 0 41 0 0 0 0
37 36 37 36 37 36 22 22 36
18 0 0 0 17 0 0 0 0
37 37 37 37 37 36 21 21 36
0 0 0 0 0 0 0 0 0
37 36 37 37 37 36 21 22 36
44 0 0 0 45 0 0 0 0
36 37 36 37 36 36 23 22 36
1 0 0 0 1 0 0 0 0
37 36 37 37 37 37 21 21 36
29 1 5 5 29 0 0 0 0
37 36 37 36 37 37 21 21 37
1 0 1 1 1 0 0 0 0
37 36 36 36 37 37 21 22 37
33 0 4 4 33 0 0 0 0
36 37 36 36 36 36 23 23 36
11 2 3 3 10 0 0 0 0
37 36 36 36 37 37 21 22 37
23 0 12 12 23 0 0 0 0
36 36 36 36 36 37 23 22 37
0 0 0 0 0 0 0 0 0
36 36 36 36 36 36 24 23 36
15 3 6 6 14 0 0 0 0
36 36 36 36 36 36 24 22 37
5 0 0 0 5 0 0 0 0
37 36 37 37 36 36 22 22 36
14 3 7 7 14 0 0 0 0
37 36 36 36 37 37 21 22 37
0 0 0 0 0 0 0 0 0
36 37 36 37 36 37 21 22 37
0 0 0 0 0 0 0 0 0
37 37 37 37 36 36 21 21 37
0 0 0 0 0 0 0 0 0
36 37 36 36 37 37 21 22 37
0 0 0 0 0 0 0 0 0
37 37 37 37 36 36 21 22 36
37 0 33 33 36 0 0 0 0
37 36 36 36 37 37 21 22 37
4 5 2 2 4 0 0 0 0
36 36 36 36 36 36 24 23 36
0 0 0 0 0 0 0 0 0
37 37 37 37 37 36 21 21 36
0 0 0 0 0 0 0 0 0
37 36 36 36 37 37 22 22 36
14 1 1 1 13 0 0 0 0
37 36 37 37 37 37 21 21 36
6 0 0 0 5 0 0 0 0
37 36 37 37 37 36 21 22 36
32 0 9 9 32 0 0 0 0
37 36 37 37 37 37 21 21 36
0 0 0 0 0 0 0 0 0
36 36 36 36 36 37 23 22 37
32 1 0 0 31 0 0 0 0
36 37 36 37 36 36 23 22 36
23 0 0 0 25 0 0 0 0
37 36 36 36 37 36 23 22 36
0 0 0 0 0 0 0 0 0
37 36 37 36 37 37 21 22 36
18 0 11 11 19 0 0 0 0
37 36 36 36 37 37 22 22 36
22 0 15 15 22 0 0 0 0
36 37 36 37 36 36 22 22 37
17 1 0 0 17 0 0 0 0
36 37 37 37 36 37 21 21 37
0 0 0 0 0 0 0 0 0
36 37 36 37 36 36 22 23 36
0 0 0 0 0 0 0 0 0
37 37 37 37 36 36 21 21 37
19 0 0 0 18 0 0 0 0
36 36 36 36 37 37 23 22 36
0 0 0 0 0 0 0 0 0
37 36 37 36 37 37 21 21 37
16 2 9 9 16 0 0 0 0
37 37 37 37 36 36 21 22 36
15 0 0 0 15 0 0 0 0
36 36 36 36 37 37 22 22 37
0 0 0 0 0 0 0 0 0
37 36 37 37 37 36 21 22 36
26 2 2 2 24 0 0 0 0
37 36 37 37 37 37 21 21 36
5 0 0 0 5 0 0 0 0
37 36 36 36 37 36 23 22 36
11 0 0 0 11 0 0 0 0
36 36 36 36 36 37 23 22 37
18 0 1 1 17 0 0 0 0
37 36 37 36 36 36 23 22 36
27 0 0 0 27 0 0 0 0
37 37 37 37 36 36 21 22 36
0 0 0 0 0 0 0 0 0
36 37 37 37 36 36 21 22 37
12 0 0 0 14 0 0 0 0
36 37 37 37 36 37 21 21 37
11 0 2 2 11 0 0 0 0
37 37 37 37 37 36 21 21 36
17 3 9 9 17 0 0 0 0
36 36 36 36 36 37 23 22 37
20 0 0 0 20 0 0 0 0
36 36 36 36 37 37 22 22 37
0 0 0 0 0 0 0 0 0
36 37 36 37 36 37 21 22 37
1 0 1 1 1 0 0 0 0
36 36 36 36 36 37 23 22 37
3 0 0 0 3 0 0 0 0
36 37 36 37 36 36 22 22 37
13 0 0 0 13 0 0 0 0
37 37 36 36 37 37 21 21 37
31 0 0 0 30 0 0 0 0
37 37 37 37 36 36 21 22 36
0 0 0 0 0 0 0 0 0
37 37 37 37 37 36 21 21 36
17 0 2 2 18 0 0 0 0
38 36 36 36 38 37 20 20 37
13 0 2 2 13 0 0 0 0
36 36 36 36 36 37 23 22 37
40 0 3 3 40 0 0 0 0
36 36 36 36 37 37 22 22 37
21 0 6 6 23 0 0 0 0
36 37 36 36 36 37 22 22 37
22 8 0 0 22 0 0 0 0
36 37 37 37 36 36 22 22 36
4 0 0 0 4 0 0 0 0
37 37 37 37 37 37 22 18 37
9 0 0 0 9 0 0 0 0
37 36 37 37 36 36 22 22 36
13 0 0 0 14 0 0 0 0
37 37 37 37 36 36 21 21 37
20 2 4 4 20 1 0 0 0
37 37 37 37 36 36 21 22 36
0 0 0 0 0 0 0 0 0
36 36 36 36 37 37 22 22 37
18 0 0 0 18 0 0 0 0
37 36 37 37 37 37 21 21 36
28 0 2 2 27 0 0 0 0
37 36 37 36 36 36 23 22 36
0 0 0 0 0 0 0 0 0
37 36 37 36 37 37 21 21 37
0 0 0 0 0 0 0 0 0
37 36 37 37 37 37 21 21 36
0 0 0 0 0 0 0 0 0
37 36 36 36 37 37 21 22 37
10 8 2 2 11 0 0 0 0
36 37 36 37 36 37 21 22 37
0 0 0 0 0 0 0 0 0
36 37 36 36 36 36 23 23 36
6 1 0 0 5 0 0 0 0
37 36 37 36 37 37 21 21 37
0 0 0 0 0 0 0 0 0
36 36 36 36 36 36 24 23 36
22 0 0 0 22 0 0 0 0
36 36 36 36 37 37 22 22 37
17 0 0 0 17 0 0 0 0
36 37 36 37 36 36 23 22 36
0 0 0 0 0 0 0 0 0
36 37 36 36 36 37 22 22 37
7 0 1 1 7 0 0 0 0
36 36 36 36 36 36 24 22 37
14 0 0 0 14 0 0 0 0
36 37 36 36 37 37 21 22 37
20 0 0 0 20 0 0 0 0
37 37 37 37 37 36 21 21 36
22 2 4 4 22 0 0 0 0
36 37 36 36 36 36 23 23 36
10 0 4 4 10 0 0 0 0
22 20 19 19 22 19 12 11 19
17 0 10 9 17 0 0 0 0
37 37 37 37 36 36 21 22 36
45 0 25 25 46 0 0 0 0
37 37 37 37 36 36 21 22 36
32 4 9 9 32 0 0 0 0
38 36 36 36 37 35 21 21 35
75 0 1 1 75 0 0 0 0
36 36 36 36 37 37 22 22 37
6 7 0 0 6 0 0 0 0
36 37 36 36 37 37 21 22 37
12 1 5 5 12 0 0 0 0
36 37 37 37 36 36 21 22 37
0 0 0 0 0 0 0 0 0
37 37 37 37 36 36 21 22 36
27 0 0 0 28 0 0 0 0
36 36 36 36 36 36 23 23 37
4 3 3 3 4 2 0 0 0
37 36 37 37 36 36 22 22 36
0 0 0 0 0 0 0 0 0
36 36 36 36 37 37 23 22 36
22 14 5 5 22 0 0 0 0
36 36 36 36 37 37 23 22 36
7 0 3 4 7 3 0 0 0
36 37 36 37 37 37 21 21 37
0 0 0 0 0 0 0 0 0
36 36 37 37 36 36 23 22 36
6 0 0 0 6 0 0 0 0
36 37 36 37 36 36 23 22 36
27 0 8 8 27 0 0 0 0
36 37 37 37 36 36 22 22 36
0 0 0 0 0 0 0 0 0
37 36 37 36 36 36 23 22 36
16 0 0 0 16 0 0 0 0
37 36 37 37 37 37 21 21 36
68 0 0 0 68 0 0 0 0
