14 35 14 14 21 21 35 14 14 15 21 15 36 21
0 75 0 0 0 0 75 0 0 0 0 0 0 0
14 37 14 14 23 24 38 14 14 14 24 9 36 24
0 4 6 0 0 0 4 0 0 0 0 0 0 0
15 37 15 14 22 21 37 15 15 14 22 15 35 22
0 75 0 0 0 0 75 0 0 0 0 0 0 0
15 36 16 16 21 21 36 15 16 15 21 15 35 21
0 0 0 0 0 0 0 0 0 0 0 0 0 0
14 38 14 14 24 24 37 14 14 14 24 9 36 23
69 0 0 11 0 0 0 0 0 0 0 0 0 0
16 37 16 16 21 21 36 16 16 16 20 10 38 20
0 75 0 0 0 0 75 0 0 0 0 0 0 0
15 37 15 15 21 21 37 15 15 15 22 13 36 22
9 15 0 5 3 3 15 0 0 0 0 0 0 0
15 37 15 15 23 23 38 15 15 15 23 9 33 23
5 7 0 4 0 0 7 0 0 0 0 0 0 0
14 37 14 14 23 23 37 14 14 14 23 12 37 23
0 0 0 0 0 0 0 0 0 0 0 0 0 0
14 36 14 14 22 22 36 14 14 14 22 15 40 22
0 0 0 0 0 0 0 0 0 0 0 0 0 0
15 37 14 14 22 22 37 14 14 15 22 15 36 22
3 19 0 3 5 5 19 0 0 0 0 0 0 0
14 37 14 14 23 23 37 14 14 15 22 14 35 23
0 75 0 0 0 0 75 0 0 0 0 0 0 0
13 35 13 13 22 23 36 13 13 13 23 14 45 23
0 75 0 0 0 0 75 0 0 0 0 0 0 0
15 36 15 15 21 21 35 14 15 15 21 15 40 21
0 0 0 0 0 0 0 0 0 0 0 0 0 0
14 34 14 14 20 20 34 14 14 14 20 14 29 20
6 4 0 5 1 1 5 0 0 0 0 0 0 0
14 36 14 14 22 22 36 14 14 14 22 15 40 22
0 9 0 0 1 1 9 0 0 0 0 0 0 0
14 39 14 13 25 25 39 14 14 13 25 9 30 25
0 75 0 0 0 0 75 0 0 0 0 0 0 0
12 39 12 12 27 27 39 13 13 12 27 7 32 27
0 0 0 0 0 0 0 0 0 0 0 0 0 0
14 38 14 14 24 24 38 14 14 14 24 9 34 24
0 1 0 0 0 0 1 0 0 0 0 0 0 0
15 37 15 15 21 21 37 15 15 15 22 14 35 22
0 8 0 0 1 1 8 0 0 0 0 0 0 0
16 38 16 15 22 22 38 16 16 15 22 9 32 22
4 1 0 4 0 0 1 0 0 0 0 0 0 0
13 36 14 14 23 23 36 13 13 14 23 14 40 23
0 75 0 0 0 0 75 0 0 0 0 0 0 0
14 38 14 14 24 24 37 14 14 14 23 11 35 23
0 75 0 0 0 0 75 0 0 0 0 0 0 0
14 36 15 15 22 23 36 15 15 15 22 14 35 22
0 1 0 0 0 0 1 0 0 0 0 0 0 0
14 37 14 14 23 23 37 14 14 15 22 14 35 23
1 35 0 3 6 6 36 0 0 0 0 0 0 0
12 32 12 12 20 20 31 12 12 12 19 11 38 19
0 75 0 0 0 0 75 0 0 0 0 0 0 0
13 40 13 13 27 26 40 13 13 13 26 9 27 26
0 1 0 0 0 0 1 0 0 0 0 0 0 0
14 37 15 15 23 23 36 14 14 15 22 14 35 22
0 0 0 0 0 0 0 0 0 0 0 0 0 0
12 31 12 12 19 19 31 12 12 12 19 10 34 19
0 75 0 0 0 0 75 0 0 0 0 0 0 0
14 36 14 14 22 22 36 14 14 14 23 13 41 22
0 0 0 0 0 0 0 0 0 0 0 0 0 0
13 39 13 13 26 26 40 13 13 13 27 9 27 27
0 1 0 0 0 0 1 0 0 0 0 0 0 0
15 38 15 15 23 22 37 15 15 15 22 14 31 22
2 18 0 2 10 10 18 0 0 0 0 0 0 0
15 37 15 15 22 22 37 15 15 15 22 12 35 22
0 0 0 0 0 0 0 0 0 0 0 0 0 0
14 37 13 13 23 23 37 14 14 13 24 12 38 24
0 32 0 0 0 0 32 0 0 0 0 0 0 0
16 37 15 15 21 21 37 15 15 15 21 15 35 21
0 0 0 0 0 0 0 0 0 0 0 0 0 0
12 31 12 12 19 20 31 12 12 12 19 11 38 19
0 75 0 0 0 0 75 0 0 0 0 0 0 0
14 38 13 13 24 24 37 13 13 13 25 12 36 24
2 25 0 1 5 5 25 0 0 0 0 0 0 0
16 37 16 16 21 21 37 16 16 16 21 14 31 21
0 0 0 0 0 0 0 0 0 0 0 0 0 0
16 38 15 15 22 21 38 16 15 15 22 14 30 22
0 75 0 0 0 0 75 0 0 0 0 0 0 0
15 37 15 15 22 22 37 15 15 15 23 12 33 23
22 6 17 22 0 0 6 0 0 0 0 0 0 0
16 36 16 15 20 20 36 16 16 15 21 16 35 21
0 9 0 0 0 0 9 0 0 0 0 0 0 0
14 36 14 14 22 22 36 14 14 14 21 16 41 21
0 75 0 0 0 0 75 0 0 0 0 0 0 0
14 37 15 15 23 23 37 14 15 15 23 11 34 23
0 75 0 0 0 0 75 0 0 0 0 0 0 0
14 37 14 15 24 24 37 14 14 15 23 11 34 23
0 75 0 0 0 0 75 0 0 0 0 0 0 0
15 38 14 14 22 22 38 15 15 14 23 12 34 23
0 0 0 0 0 0 0 0 0 0 0 0 0 0
14 36 15 15 22 22 36 15 15 15 21 15 37 21
0 43 0 0 1 1 43 0 0 0 0 0 0 0
13 38 14 14 23 23 38 13 14 14 22 10 31 22
14 9 8 16 2 2 10 0 0 0 0 0 0 0
13 37 13 13 24 24 37 13 13 13 25 12 38 24
0 75 0 0 0 0 75 0 0 0 0 0 0 0
14 36 14 14 22 22 36 14 14 14 22 15 40 22
4 18 0 10 10 10 18 0 0 0 0 0 0 0
14 37 14 14 23 23 37 14 14 13 23 12 38 23
0 3 0 0 0 0 3 0 0 0 0 0 0 0
12 37 12 13 25 25 37 12 12 13 24 12 40 25
0 75 0 0 0 0 75 0 0 0 0 0 0 0
15 36 15 15 21 21 37 16 16 15 21 15 35 21
0 0 0 0 0 0 0 0 0 0 0 0 0 0
14 36 14 14 23 23 36 14 14 14 22 14 39 22
0 0 0 0 0 0 0 0 0 0 0 0 0 0
13 36 13 14 23 23 36 13 13 14 23 15 40 23
0 0 0 0 0 0 0 0 0 0 0 0 0 0
12 39 13 13 27 27 39 12 12 12 27 7 32 27
0 75 0 0 0 0 75 0 0 0 0 0 0 0
14 36 14 14 22 22 37 14 14 14 22 13 41 22
0 0 0 0 0 0 0 0 0 0 0 0 0 0
14 35 15 15 20 20 35 15 15 15 20 14 29 20
0 75 0 0 0 0 75 0 0 0 0 0 0 0
15 37 15 15 22 21 37 15 15 14 22 14 35 22
13 17 0 14 1 1 15 0 0 0 0 0 0 0
15 36 14 15 22 22 36 14 14 15 22 15 37 22
6 19 0 6 0 0 18 0 0 0 0 0 0 0
15 37 14 14 22 22 37 15 15 14 22 14 36 22
2 34 0 1 4 4 33 0 0 0 0 0 0 0
15 36 15 15 21 21 36 15 15 15 22 16 35 22
0 0 0 0 0 0 0 0 0 0 0 0 0 0
13 34 14 14 20 20 34 14 14 14 20 13 29 20
19 20 0 14 4 4 20 0 0 0 0 0 0 0
13 37 14 14 22 22 37 13 14 14 21 10 34 21
0 0 0 0 0 0 0 0 0 0 0 0 0 0
16 37 16 16 21 21 37 16 16 16 21 11 34 21
0 10 0 0 4 4 10 0 0 0 0 0 0 0
14 36 15 15 22 22 36 15 15 15 21 15 37 21
0 75 0 0 0 0 75 0 0 0 0 0 0 0
15 37 14 14 22 22 37 14 14 14 22 15 37 22
0 20 0 0 0 0 20 0 0 0 0 0 0 0
15 36 15 16 21 21 36 15 15 16 20 16 36 21
8 6 0 3 0 0 6 0 0 0 0 0 0 0
14 37 14 14 23 22 37 14 14 14 23 14 36 23
0 16 0 0 0 0 17 0 0 0 0 0 0 0
15 36 15 15 21 21 36 15 15 15 21 16 37 21
0 0 0 0 0 0 0 0 0 0 0 0 0 0
15 37 15 15 22 22 37 15 15 15 22 11 36 22
0 9 0 0 0 0 9 0 0 0 0 0 0 0
16 36 15 15 21 21 36 15 15 15 22 14 36 22
0 17 0 0 13 13 17 0 0 0 0 0 0 0
14 39 13 13 25 25 39 14 13 13 26 9 30 26
2 31 0 4 7 7 31 0 0 0 0 0 0 0
15 37 14 14 22 22 36 14 14 14 22 14 39 22
0 26 0 0 20 20 26 0 0 0 0 0 0 0
14 36 15 15 23 23 36 14 14 15 22 14 36 22
0 14 0 0 1 1 14 0 0 0 0 0 0 0
15 36 15 15 21 21 37 15 15 15 22 15 35 22
7 19 0 4 8 8 19 0 0 0 0 0 0 0
15 37 14 14 22 22 37 14 14 14 22 15 37 22
0 1 0 0 0 0 1 0 0 0 0 0 0 0
14 36 14 14 22 22 36 14 14 15 22 13 41 22
0 5 0 0 0 0 5 0 0 0 0 0 0 0
14 38 13 13 24 24 38 14 14 13 24 10 36 24
8 36 0 8 0 0 36 1 1 0 0 0 0 0
13 32 13 13 19 19 32 13 13 13 18 11 33 19
0 75 0 0 0 0 75 0 0 0 0 0 0 0
14 37 14 14 23 23 37 14 14 14 22 14 37 22
0 75 0 0 0 0 75 0 0 0 0 0 0 0
15 37 15 15 22 21 37 15 15 15 21 15 34 22
0 0 0 0 0 0 0 0 0 0 0 0 0 0
15 37 15 15 22 22 37 15 15 15 22 10 37 22
2 21 0 2 9 9 21 0 0 0 0 0 0 0
15 37 14 14 22 22 37 14 14 14 22 15 37 22
0 75 0 0 0 0 75 0 0 0 0 0 0 0
16 37 16 16 21 21 37 16 16 16 21 11 34 21
0 75 0 0 0 0 75 0 0 0 0 0 0 0
14 37 14 13 23 23 37 14 14 13 24 12 38 23
13 10 4 13 0 0 11 0 0 0 0 0 0 0
15 38 15 15 23 22 38 15 15 15 23 9 33 23
0 1 0 0 0 0 1 0 0 0 0 0 0 0
14 36 15 15 22 22 36 15 15 15 21 15 37 21
0 75 0 0 0 0 75 0 0 0 0 0 0 0
16 38 15 15 21 21 39 16 15 15 22 10 32 22
0 75 0 0 0 0 75 0 0 0 0 0 0 0
15 37 15 15 23 23 37 15 15 16 22 13 31 22
0 75 0 0 0 0 75 0 0 0 0 0 0 0
16 37 16 16 21 21 37 16 16 16 21 14 31 21
0 75 0 0 0 0 75 0 0 0 0 0 0 0
12 37 13 13 25 25 36 12 13 13 24 12 40 24
0 0 0 0 0 0 0 0 0 0 0 0 0 0
15 37 15 15 21 21 37 16 15 15 21 15 35 21
0 12 0 0 0 0 12 0 0 0 0 0 0 0
16 37 15 15 21 20 37 16 16 15 21 15 34 21
0 0 0 0 0 0 0 0 0 0 0 0 0 0
15 37 14 14 22 22 36 14 14 15 22 15 37 22
0 75 0 0 0 0 75 0 0 0 0 0 0 0
14 36 14 14 22 22 36 14 14 14 23 15 39 22
0 75 0 0 0 0 75 0 0 0 0 0 0 0
15 38 16 16 23 23 38 16 16 16 22 10 28 22
1 24 0 1 8 8 24 0 0 0 0 0 0 0
15 37 15 15 22 22 37 15 15 15 22 12 35 22
25 23 0 14 0 0 23 0 0 0 0 0 0 0
16 38 16 16 21 21 38 16 16 16 21 9 33 22
0 20 0 0 0 0 21 0 0 0 0 0 0 0
14 36 13 13 23 23 36 13 13 13 23 15 41 23
0 0 0 0 0 0 0 0 0 0 0 0 0 0
13 36 13 13 23 23 36 13 13 14 23 14 42 23
0 0 0 0 0 0 0 0 0 0 0 0 0 0
