12 40 9 12 12 9 9 18 11 10 18 40 12 12 12 17 17 9 9 11
0 0 9 0 0 8 4 0 0 0 0 0 0 0 0 0 0 0 0 0
11 40 9 11 11 9 9 18 14 11 18 40 11 11 11 18 18 9 9 11
0 75 0 0 0 0 0 0 0 0 0 75 0 0 0 0 0 0 0 0
11 41 8 10 10 8 9 19 14 11 19 41 10 10 10 19 19 9 9 11
0 75 0 0 0 0 0 0 0 0 0 75 0 0 0 0 0 0 0 0
11 42 7 11 11 7 7 19 14 11 19 42 11 11 11 20 20 7 7 11
0 75 0 0 0 0 0 0 0 0 0 75 0 0 0 0 0 0 0 0
11 42 7 11 11 7 7 19 15 11 19 42 11 11 11 19 19 7 7 11
2 20 38 0 1 38 6 9 0 4 9 19 0 0 0 0 0 0 0 0
11 41 8 11 11 7 8 19 14 11 19 41 11 11 11 19 19 8 8 11
0 15 13 0 0 13 5 4 0 0 4 15 0 0 0 0 0 0 0 0
11 40 9 11 11 9 9 18 14 11 18 40 11 11 11 18 18 9 9 11
0 75 0 0 0 0 0 0 0 0 0 75 0 0 0 0 0 0 0 0
11 41 7 11 11 7 7 19 15 12 19 41 11 11 11 20 20 7 7 11
0 1 59 0 0 60 97 0 0 0 0 1 0 0 0 0 0 0 0 0
11 40 9 11 11 9 9 18 15 11 18 40 11 11 11 18 18 9 9 10
0 75 0 0 0 0 0 0 0 0 0 75 0 0 0 0 0 0 0 0
11 41 8 10 10 8 9 19 14 11 19 41 10 10 10 19 19 9 9 11
0 0 2 0 0 2 2 0 0 0 0 0 0 0 0 0 0 0 0 0
12 41 9 11 11 9 9 18 11 11 17 41 12 11 11 18 18 9 9 11
0 11 17 0 0 18 13 1 0 0 1 11 0 0 0 0 0 0 0 0
11 40 9 11 11 9 9 18 15 11 18 40 11 11 11 18 18 9 9 10
2 29 21 0 0 20 0 0 0 0 0 28 0 0 0 0 0 0 0 0
12 40 9 12 12 9 9 18 11 9 18 40 12 12 12 18 18 9 9 10
0 75 0 0 0 0 0 0 0 0 0 75 0 0 0 0 0 0 0 0
11 40 8 11 11 8 8 19 16 11 19 40 11 11 11 19 19 8 8 10
0 0 0 0 0 0 0 0 0 0 0 0 0 0 0 0 0 0 0 0
12 40 9 11 11 9 9 18 11 11 18 40 11 11 11 19 19 9 9 11
0 23 24 0 0 23 16 3 0 0 3 23 0 0 0 0 0 0 0 0
11 39 9 11 11 9 9 19 14 11 19 39 11 11 11 18 19 9 9 10
0 75 0 0 0 0 0 0 0 0 0 75 0 0 0 0 0 0 0 0
11 41 9 10 10 9 9 19 14 11 19 40 10 10 10 19 19 9 9 11
0 0 149 0 0 150 0 0 0 0 0 0 0 0 0 0 0 0 0 0
11 39 9 12 12 9 9 18 12 9 19 40 12 12 12 18 18 9 9 10
3 22 53 3 5 54 5 0 0 7 0 22 0 0 0 0 0 0 0 0
10 40 8 11 11 8 8 21 13 10 21 40 10 10 11 21 21 8 8 9
0 0 8 0 0 8 16 0 0 0 0 0 0 0 0 0 0 0 0 0
11 40 9 11 11 9 9 19 12 9 19 40 11 11 12 19 19 9 9 10
0 2 54 0 0 54 98 0 0 0 0 2 0 0 0 0 0 0 0 0
11 42 7 11 11 7 8 19 15 11 19 41 11 11 11 18 18 8 8 11
7 27 10 0 4 9 6 6 0 0 6 26 0 0 0 0 0 0 0 0
11 41 8 11 10 8 8 20 12 11 20 41 11 11 10 20 20 8 8 10
10 2 71 0 0 72 1 0 0 0 0 2 0 0 0 0 0 0 0 0
10 40 8 11 11 8 8 20 15 10 20 40 11 11 11 20 20 8 7 10
0 75 0 0 0 0 0 0 0 0 0 75 0 0 0 0 0 0 0 0
11 42 7 11 11 7 7 20 14 11 19 42 11 11 11 19 20 7 7 11
1 41 10 0 1 10 11 0 0 0 0 42 0 0 0 0 0 0 0 0
11 41 8 11 10 8 8 19 12 11 19 42 11 11 10 20 20 8 8 10
0 1 57 0 0 58 99 0 0 0 0 1 0 0 0 0 0 0 0 0
10 41 8 11 11 8 8 19 15 11 19 41 10 10 11 19 19 8 8 11
11 10 53 0 18 53 8 2 0 0 2 10 0 0 0 0 0 0 0 0
11 40 9 11 12 9 9 19 12 9 19 40 11 11 12 18 19 9 9 10
0 75 0 0 0 0 0 0 0 0 0 75 0 0 0 0 0 0 0 0
11 40 9 11 11 9 9 18 15 11 18 39 11 11 11 18 18 9 10 10
12 8 35 1 9 36 1 0 1 7 0 9 0 0 0 0 0 0 0 0
11 42 8 10 10 8 8 20 12 11 19 42 11 10 10 20 20 8 8 10
0 75 0 0 0 0 0 0 0 0 0 75 0 0 0 0 0 0 0 0
10 42 8 10 10 8 8 20 11 14 19 42 10 10 10 19 20 8 8 11
8 13 20 4 9 18 8 0 0 0 0 12 0 0 0 0 0 0 0 0
11 41 8 11 11 8 8 18 15 11 18 41 11 11 11 19 19 8 8 11
0 75 0 0 0 0 0 0 0 0 0 75 0 0 0 0 0 0 0 0
11 39 9 12 12 9 9 19 12 9 19 39 12 12 12 18 18 9 9 10
0 75 0 0 0 0 0 0 0 0 0 75 0 0 0 0 0 0 0 0
11 39 9 11 11 9 9 19 14 11 19 39 11 11 11 19 19 9 9 9
0 0 0 0 0 0 0 0 0 0 0 0 0 0 0 0 0 0 0 0
10 40 8 11 11 8 8 21 13 10 21 40 11 11 11 20 20 8 8 9
5 23 13 0 1 12 2 0 0 0 1 23 0 0 0 0 0 0 0 0
12 41 9 11 11 9 9 18 11 11 17 41 12 11 11 18 18 9 9 11
0 1 57 0 0 57 98 0 0 0 0 1 0 0 0 0 0 0 0 0
10 40 8 11 11 8 8 21 13 10 21 40 10 11 11 20 21 8 8 9
0 75 0 0 0 0 0 0 0 0 0 75 0 0 0 0 0 0 0 0
10 41 8 10 10 8 8 20 15 10 20 41 10 10 11 20 20 8 8 11
0 1 55 0 0 55 98 0 0 0 0 1 0 0 0 0 0 0 0 0
11 41 7 11 11 7 7 20 14 11 20 41 11 11 11 19 19 8 8 11
0 1 57 0 0 57 98 0 0 0 0 1 0 0 0 0 0 0 0 0
11 40 9 11 11 10 9 18 13 9 18 40 11 11 11 18 18 10 10 10
0 0 0 0 0 0 0 0 0 0 0 0 0 0 0 0 0 0 0 0
12 40 9 12 12 9 9 17 11 11 18 40 12 12 12 17 17 9 9 11
0 9 4 0 0 4 4 0 0 0 0 9 0 0 0 0 0 0 0 0
11 41 8 11 11 7 8 19 15 11 19 41 11 11 11 18 19 8 8 11
0 1 59 0 0 59 98 0 0 0 0 1 0 0 0 0 0 0 0 0
11 40 8 11 11 8 8 19 16 10 19 41 11 11 11 19 19 8 7 11
0 75 0 0 0 0 0 0 0 0 0 75 0 0 0 0 0 0 0 0
11 40 8 12 11 8 8 19 16 10 19 40 11 11 11 19 19 8 8 10
40 0 42 0 9 41 0 0 0 0 0 0 0 0 0 0 0 0 0 0
12 40 9 11 11 9 9 18 11 11 18 40 11 11 11 19 19 9 9 11
0 75 0 0 0 0 0 0 0 0 0 75 0 0 0 0 0 0 0 0
11 40 9 11 11 9 9 20 12 10 20 39 11 11 11 19 19 9 9 9
21 32 8 0 21 8 9 5 0 0 5 32 0 0 0 0 0 0 0 0
12 40 9 12 12 9 9 17 11 11 17 40 12 12 12 18 17 9 9 11
0 75 0 0 0 0 0 0 0 0 0 75 0 0 0 0 0 0 0 0
10 41 8 11 11 8 8 20 15 10 20 40 10 10 11 20 20 8 8 10
0 1 56 0 0 56 100 0 0 0 0 1 0 0 0 0 0 0 0 0
11 42 7 11 11 7 7 19 14 11 20 42 11 11 11 19 19 7 7 11
0 11 0 0 0 0 10 8 0 0 8 10 0 0 0 0 0 0 0 0
10 40 8 11 11 8 8 20 15 10 20 40 11 11 11 20 20 8 7 10
0 22 24 0 0 22 12 2 0 0 2 22 0 0 0 0 0 0 0 0
10 40 8 11 11 8 8 21 13 10 21 40 11 11 11 20 20 8 8 9
4 8 17 0 4 17 8 0 0 0 0 8 0 0 0 0 0 0 0 0
11 40 9 11 11 9 9 18 11 11 18 41 11 11 11 19 19 9 9 11
0 17 8 0 7 8 11 9 0 0 9 17 0 0 0 0 0 0 0 0
11 41 7 11 11 7 7 19 16 12 19 41 11 11 11 20 19 7 7 11
0 75 0 0 0 0 0 0 0 0 0 75 0 0 0 0 0 0 0 0
10 40 8 11 11 8 8 20 15 10 20 40 10 11 11 20 20 8 8 10
0 75 0 0 0 0 0 0 0 0 0 75 0 0 0 0 0 0 0 0
12 41 9 11 11 9 9 17 11 11 17 41 12 11 11 18 18 9 9 11
0 19 64 0 0 65 73 2 0 0 2 18 0 0 0 0 0 0 0 0
10 40 8 11 11 8 8 21 13 10 21 40 11 11 11 20 20 8 8 9
0 75 0 0 0 0 0 0 0 0 0 75 0 0 0 0 0 0 0 0
11 40 8 11 11 8 8 20 13 10 21 40 11 11 11 20 20 8 8 9
10 22 2 0 13 2 6 4 0 0 4 22 0 0 0 0 0 0 0 0
11 40 9 11 11 9 9 19 14 11 19 39 11 11 11 18 18 9 9 10
0 75 0 0 0 0 0 0 0 0 0 75 0 0 0 0 0 0 0 0
11 41 8 11 11 7 8 19 15 11 19 41 11 11 11 18 19 8 8 11
0 75 0 0 0 0 0 0 0 0 0 75 0 0 0 0 0 0 0 0
11 42 7 11 11 7 7 20 15 11 20 41 11 11 11 19 19 7 7 11
0 75 0 0 0 0 0 0 0 0 0 75 0 0 0 0 0 0 0 0
11 41 8 10 10 8 8 19 16 11 19 41 11 10 10 20 20 8 8 10
0 21 0 0 0 0 3 0 0 0 0 21 0 0 0 0 0 0 0 0
11 40 8 11 11 8 8 19 16 10 19 40 11 11 12 19 19 8 8 10
0 75 0 0 0 0 0 0 0 0 0 75 0 0 0 0 0 0 0 0
11 42 7 11 11 7 7 20 14 10 20 42 11 11 11 19 20 7 7 11
0 75 0 0 0 0 0 0 0 0 0 75 0 0 0 0 0 0 0 0
11 41 7 11 11 7 7 19 14 12 20 41 11 11 11 20 20 7 7 11
0 75 0 0 0 0 0 0 0 0 0 75 0 0 0 0 0 0 0 0
10 40 9 11 11 9 9 20 12 10 20 39 11 11 11 19 19 9 9 9
0 75 0 0 0 0 0 0 0 0 0 75 0 0 0 0 0 0 0 0
11 41 7 11 11 7 7 19 15 12 19 42 11 11 11 19 20 7 7 11
0 75 0 0 0 0 0 0 0 0 0 75 0 0 0 0 0 0 0 0
11 40 9 11 11 9 9 18 11 11 18 41 11 11 11 19 19 9 9 11
0 18 7 0 0 8 0 9 0 0 9 18 0 0 0 0 0 0 0 0
11 40 8 11 11 8 8 20 13 11 20 40 11 11 11 20 19 8 8 10
0 75 0 0 0 0 0 0 0 0 0 75 0 0 0 0 0 0 0 0
11 41 8 11 11 8 8 20 13 9 20 41 11 11 11 19 20 8 8 10
0 75 0 0 0 0 0 0 0 0 0 75 0 0 0 0 0 0 0 0
11 41 8 11 11 8 8 20 12 11 19 41 11 11 10 20 20 8 8 10
0 75 0 0 0 0 0 0 0 0 0 75 0 0 0 0 0 0 0 0
11 41 9 10 10 8 9 19 14 11 19 41 10 10 10 19 19 9 9 11
0 35 34 0 0 34 14 0 0 0 0 35 0 0 0 0 0 0 0 0
11 42 7 11 11 7 7 19 15 11 19 42 11 11 11 18 19 7 8 11
0 23 3 0 0 3 10 5 0 0 5 23 0 0 0 0 0 0 0 0
11 39 9 11 11 9 9 19 14 11 19 40 11 11 11 18 18 9 9 10
0 75 0 0 0 0 0 0 0 0 0 75 0 0 0 0 0 0 0 0
12 40 9 12 11 9 9 17 11 11 17 41 12 12 11 18 18 9 9 11
0 75 0 0 0 0 0 0 0 0 0 75 0 0 0 0 0 0 0 0
11 40 9 11 11 9 9 18 14 11 18 40 10 11 11 18 18 9 9 11
0 75 0 0 0 0 0 0 0 0 0 75 0 0 0 0 0 0 0 0
11 41 8 11 11 8 8 20 12 11 19 41 11 11 10 20 20 8 8 10
18 23 12 1 17 12 0 0 0 4 0 23 0 0 0 0 0 0 0 0
11 41 9 10 10 9 9 19 11 11 19 41 11 11 10 19 19 9 9 10
0 0 3 0 0 3 1 0 0 0 0 0 0 0 0 0 0 0 0 0
11 41 8 11 11 8 8 19 15 11 19 40 10 11 11 19 19 8 8 11
0 0 19 0 0 18 2 0 0 0 0 0 0 0 0 0 0 0 0 0
11 40 9 11 11 9 9 18 14 11 18 40 11 11 11 18 18 9 9 11
0 21 12 0 0 12 15 17 0 0 17 21 0 0 0 0 0 0 0 0
11 40 9 11 11 9 9 18 14 11 18 40 11 11 11 18 18 9 9 11
0 75 0 0 0 0 0 0 0 0 0 75 0 0 0 0 0 0 0 0
11 39 9 11 11 9 9 18 14 11 19 40 11 11 11 18 18 9 9 11
0 0 0 0 0 0 0 0 0 0 0 0 0 0 0 0 0 0 0 0
11 39 9 11 11 9 9 20 12 10 20 39 11 11 11 19 19 9 9 10
0 75 0 0 0 0 0 0 0 0 0 75 0 0 0 0 0 0 0 0
11 42 7 11 11 7 7 20 14 11 20 41 11 11 11 20 19 7 7 11
0 10 59 0 0 58 35 4 0 0 4 10 0 0 0 0 0 0 0 0
11 41 8 11 10 8 8 19 15 11 19 41 11 11 10 19 19 8 8 10
0 75 0 0 0 0 0 0 0 0 0 75 0 0 0 0 0 0 0 0
11 42 7 11 11 7 7 19 15 12 18 42 11 11 11 19 19 7 7 11
0 0 6 0 0 4 2 0 0 0 0 0 0 0 0 0 0 0 0 0
11 42 7 11 11 7 7 19 15 11 19 42 11 11 11 19 19 7 7 11
0 0 0 0 0 0 0 0 0 0 0 0 0 0 0 0 0 0 0 0
12 40 9 12 12 9 9 17 11 11 18 40 12 12 12 17 17 9 9 11
0 33 33 0 0 34 0 0 0 0 0 33 0 0 0 0 0 0 0 0
10 41 8 11 11 8 8 19 15 11 19 41 11 11 11 19 19 8 8 10
0 75 0 0 0 0 0 0 0 0 0 75 0 0 0 0 0 0 0 0
11 40 8 11 11 8 8 19 16 10 19 41 11 11 11 19 19 8 7 11
0 10 31 0 0 30 11 0 0 0 0 10 0 0 0 0 0 0 0 0
10 41 8 11 11 8 7 20 15 10 20 41 11 11 11 20 20 7 7 10
0 6 5 0 0 5 4 0 0 0 0 6 0 0 0 0 0 0 0 0
11 42 7 11 11 7 7 20 15 12 19 41 11 11 11 19 19 7 7 11
0 75 0 0 0 0 0 0 0 0 0 75 0 0 0 0 0 0 0 0
11 40 9 11 12 9 9 19 12 9 19 40 11 11 12 18 19 9 9 10
0 0 30 0 0 30 11 0 0 0 0 0 0 0 0 0 0 0 0 0
11 42 7 11 11 7 7 20 13 11 19 42 11 11 11 20 20 7 7 11
0 41 4 0 0 2 20 0 0 0 0 41 0 0 0 0 0 0 0 0
11 42 7 11 11 7 7 19 14 11 19 42 11 11 11 19 20 7 7 11
0 75 0 0 0 0 0 0 0 0 0 75 0 0 0 0 0 0 0 0
11 40 8 11 11 8 8 20 13 10 21 40 11 11 11 20 20 8 8 9
0 75 0 0 0 0 0 0 0 0 0 75 0 0 0 0 0 0 0 0
11 40 9 11 11 9 9 18 14 11 18 40 11 11 11 18 18 9 9 11
2 2 22 0 5 23 9 1 0 0 1 2 0 0 0 0 0 0 0 0
11 41 7 11 11 7 7 20 14 12 20 41 11 11 11 20 19 7 7 11
0 75 0 0 0 0 0 0 0 0 0 75 0 0 0 0 0 0 0 0
11 41 8 11 11 8 8 19 15 11 18 41 11 11 10 19 19 8 8 11
0 75 0 0 0 0 0 0 0 0 0 75 0 0 0 0 0 0 0 0
11 39 9 11 11 9 8 19 16 10 19 40 11 11 11 19 19 8 8 10
0 46 5 0 0 5 4 2 0 0 2 46 0 0 0 0 0 0 0 0
11 40 9 11 11 9 9 18 11 11 18 41 11 11 11 19 19 9 9 10
4 12 17 0 4 18 21 3 0 0 3 12 0 0 0 0 0 0 0 0
11 40 8 11 11 8 8 19 16 10 19 40 11 11 12 19 19 8 8 10
0 0 55 0 0 56 100 0 0 0 0 0 0 0 0 0 0 0 0 0
