5 0 41 15 0 0 5 0 4 0 5 0 0 41 5 5 4 0 40 0 15 0 0 0 0 41 0 0 0 0
0 0 2 1 0 0 0 0 1 0 1 4 0 0 0 38 6 0 0 4 1 0 0 0 0 0 0 0 0 0
1 0 37 6 0 0 2 0 3 0 2 1 0 36 1 5 4 1 36 1 6 1 0 1 0 36 0 0 0 0
0 0 0 72 0 1 0 0 0 2 0 3 1 0 0 9 2 0 0 3 71 0 0 0 0 0 0 0 0 0
1 10 37 3 11 0 1 11 4 0 1 5 0 36 1 6 5 4 36 5 3 0 0 1 0 36 0 11 0 0
0 36 0 2 35 14 0 36 0 0 0 10 0 0 0 21 1 0 0 10 2 0 0 0 0 0 0 0 0 0
2 31 23 12 2 2 2 2 2 0 4 0 3 23 2 31 7 0 23 0 11 0 0 0 0 23 0 0 0 0
0 0 0 20 0 16 0 0 4 0 10 3 16 0 0 24 7 0 0 3 18 0 0 0 0 0 0 0 0 0
0 18 33 2 19 5 0 18 3 0 0 10 0 33 0 10 4 10 33 10 2 0 0 1 0 33 0 16 0 0
0 0 0 32 1 10 0 0 2 0 0 8 10 0 0 14 9 1 0 9 32 0 0 0 0 0 0 0 0 0
0 0 58 16 0 0 0 0 0 0 0 0 0 58 0 0 0 0 57 0 16 0 0 0 0 58 0 0 0 0
0 0 0 13 0 38 0 0 0 0 21 1 41 0 0 13 1 0 0 1 12 0 0 0 0 0 0 0 0 0
0 18 36 1 18 0 0 18 4 0 0 2 0 36 0 5 4 2 36 2 0 0 0 0 0 36 0 18 0 0
0 0 6 13 0 0 0 0 0 0 1 1 0 0 0 14 5 0 0 1 13 0 0 0 0 0 0 0 0 0
0 0 72 1 0 0 0 1 0 0 0 0 0 71 0 0 0 0 71 0 1 0 0 0 0 70 0 0 0 0
0 0 7 12 0 0 0 0 0 0 3 5 0 0 0 10 7 0 0 5 12 0 0 0 0 0 0 0 0 0
1 14 36 3 14 0 1 14 3 0 1 4 0 36 1 5 4 3 35 4 3 0 0 1 0 35 0 14 0 0
0 10 0 25 0 11 0 0 0 0 4 8 8 0 0 4 0 1 0 8 25 0 0 17 0 0 0 0 0 0
1 0 57 7 0 0 0 1 2 0 0 2 0 54 1 4 3 1 54 3 6 0 0 3 0 55 0 0 0 0
0 0 0 6 0 0 0 0 1 0 1 0 0 0 0 68 23 0 0 0 6 0 0 0 0 0 0 0 0 0
1 14 24 9 14 0 1 14 6 0 1 6 0 23 1 13 8 4 23 6 9 0 0 3 0 23 0 14 0 0
0 0 14 6 0 0 0 0 0 0 6 0 0 0 0 1 1 0 0 0 6 0 0 0 0 0 0 0 0 0
4 6 21 9 7 3 4 7 7 0 3 3 3 20 4 17 7 3 20 3 10 0 0 3 0 21 0 0 0 0
0 0 0 23 0 19 0 0 0 0 16 2 20 0 0 3 1 0 0 2 23 0 0 0 0 0 0 0 0 0
1 3 64 3 3 0 0 3 4 18 1 3 0 45 1 5 5 2 45 3 3 4 0 2 0 46 0 3 1 18
0 0 0 20 1 0 0 1 0 0 1 10 0 0 0 33 17 0 0 11 20 0 0 0 0 0 0 0 0 0
2 0 38 18 0 0 1 0 0 0 1 4 0 36 2 6 2 1 36 6 17 2 0 0 0 36 0 0 0 0
0 0 8 12 0 0 0 0 0 0 0 5 0 0 0 9 7 0 0 5 12 0 0 0 0 0 0 0 0 0
0 0 61 3 0 0 1 1 0 0 1 0 0 59 0 2 0 0 59 0 3 0 0 0 0 57 0 0 0 0
0 1 13 1 0 11 0 0 0 0 15 6 1 0 0 8 0 0 1 6 1 0 0 0 0 0 0 0 0 0
1 0 21 13 0 0 1 0 1 0 1 4 0 18 1 10 4 1 18 6 14 0 0 1 0 18 0 0 0 0
0 39 0 0 0 34 0 0 0 0 0 30 5 0 0 36 1 0 0 29 0 0 0 0 0 0 0 0 0 0
0 17 34 1 18 0 0 17 3 0 0 6 0 34 0 7 3 6 34 6 1 0 0 0 0 34 0 16 0 0
0 3 0 36 3 1 3 3 0 0 2 17 2 0 0 17 1 12 0 17 37 0 0 1 0 0 0 0 0 0
0 0 62 12 0 0 0 0 0 0 0 0 0 62 0 0 0 0 62 0 12 0 0 0 0 61 0 0 0 0
0 0 12 5 0 0 0 0 0 0 9 2 0 0 0 12 3 0 0 2 6 0 0 0 0 0 0 0 0 0
3 3 41 6 3 0 3 3 8 18 3 3 0 23 3 10 8 3 22 3 6 4 0 3 0 23 0 3 1 18
0 0 16 0 0 0 0 0 0 0 17 0 0 0 0 0 0 0 0 0 0 0 0 0 0 0 0 0 0 0
0 0 73 1 0 0 0 1 0 0 0 0 0 72 0 0 0 0 72 0 1 0 0 0 0 71 0 0 0 0
0 0 0 1 0 4 0 0 0 0 0 6 3 0 0 114 4 0 0 6 1 0 0 0 0 0 0 0 0 0
0 0 58 16 0 0 0 0 0 0 0 0 0 57 0 0 0 0 58 0 16 0 0 0 0 58 0 0 0 0
0 0 5 20 0 0 1 0 0 0 6 4 0 0 0 6 6 0 1 4 20 0 0 0 0 0 0 0 0 0
2 26 32 7 2 1 1 2 1 0 1 0 4 32 2 28 6 0 32 0 7 0 0 0 0 32 0 0 0 0
0 0 0 8 0 0 0 0 0 0 0 6 0 0 0 42 29 1 0 8 8 0 0 0 0 0 0 0 0 0
1 11 30 9 11 0 1 11 6 0 1 6 0 29 1 9 8 4 30 6 9 2 0 1 0 29 0 11 0 0
0 0 0 23 0 20 0 0 0 0 11 2 21 0 0 17 1 0 0 2 23 0 0 0 0 0 0 0 0 0
1 4 37 6 3 2 2 4 4 0 1 5 2 36 1 11 5 4 36 5 6 0 0 1 4 36 2 2 0 0
6 8 2 17 7 9 5 7 6 0 4 6 5 1 6 25 7 3 1 8 18 0 0 3 0 1 0 0 0 0
0 0 36 14 0 0 1 2 3 0 1 5 0 29 0 10 8 0 29 6 14 0 0 0 0 28 0 0 0 0
0 0 0 17 0 1 0 0 0 0 0 6 2 0 0 13 7 0 0 7 17 0 0 0 0 0 0 0 0 0
1 18 36 3 18 0 1 18 3 0 1 2 0 36 1 1 3 1 36 1 3 0 0 0 0 36 0 18 0 0
0 0 0 6 0 0 0 0 1 0 2 0 0 0 0 73 24 0 0 0 6 0 0 0 0 0 0 0 0 0
1 17 37 3 17 0 1 17 3 0 1 6 0 36 1 5 4 5 37 6 3 2 0 1 0 36 0 17 0 0
0 0 0 1 2 0 0 0 43 0 0 0 0 0 0 55 49 0 1 0 1 0 0 39 0 0 0 0 0 0
1 1 31 17 0 1 1 0 0 0 0 5 1 27 1 10 4 1 26 7 17 0 1 0 2 27 1 0 0 0
0 0 0 5 1 13 2 0 4 0 2 34 7 0 0 6 21 11 0 34 5 0 0 1 0 0 0 0 0 0
2 0 42 15 0 0 2 2 2 0 2 2 0 36 2 5 4 1 36 4 14 0 0 3 0 35 0 0 0 0
0 0 0 54 0 1 0 0 0 29 0 3 1 0 0 9 2 0 0 3 54 0 0 0 0 0 0 0 0 0
1 14 35 3 14 0 1 14 3 0 1 4 0 35 1 5 4 3 35 4 3 0 0 1 0 34 0 14 0 0
0 1 0 6 1 4 3 4 5 0 2 17 5 0 0 23 16 4 0 25 6 0 0 0 0 0 0 0 0 0
2 0 18 15 0 0 3 0 0 0 3 3 0 15 2 8 3 0 16 3 15 2 0 1 0 15 0 0 0 0
0 0 0 14 0 22 0 0 0 0 14 19 21 0 0 22 0 19 0 19 15 0 0 0 0 0 0 0 0 0
0 0 61 7 0 0 0 0 5 0 0 0 0 59 0 4 5 0 59 0 7 0 0 0 0 60 0 0 0 0
0 0 0 0 0 23 0 0 0 0 0 15 38 56 0 0 14 1 0 15 0 0 0 0 0 0 0 0 0 0
1 0 54 16 0 0 1 0 0 0 1 0 0 54 1 2 0 0 54 0 16 2 0 0 0 54 0 0 0 0
2 4 0 16 5 2 2 5 0 0 2 5 1 0 2 34 14 0 0 8 16 0 0 0 0 0 0 0 0 0
3 21 24 10 3 2 2 2 2 0 2 0 7 24 3 28 7 0 24 0 10 0 0 0 0 24 0 0 0 0
0 0 17 29 0 0 0 0 0 0 0 17 0 0 0 6 22 0 0 17 29 0 0 0 0 0 0 0 0 0
2 0 42 14 0 0 1 1 2 0 1 4 0 36 2 8 6 0 36 4 14 0 0 0 0 35 0 0 0 0
0 0 0 0 0 0 0 0 0 137 0 0 0 0 0 0 0 0 0 0 0 0 0 0 0 0 0 0 0 0
2 0 42 14 0 0 2 2 2 0 2 3 0 36 2 7 4 1 36 4 15 0 0 3 0 35 0 0 0 0
0 0 11 1 0 0 0 0 0 0 14 0 0 0 0 7 0 0 0 0 1 0 0 0 0 0 0 0 0 0
2 0 42 14 0 0 1 1 2 0 2 3 0 36 2 8 6 0 36 3 14 0 0 0 0 35 0 0 0 0
0 0 16 0 0 0 0 0 0 0 17 0 0 0 0 0 0 0 0 0 0 0 0 0 0 0 0 0 0 0
1 0 50 13 0 0 0 0 0 0 0 3 0 49 1 6 1 1 49 5 13 0 0 0 0 49 0 0 0 0
0 0 75 0 0 0 0 0 0 0 0 0 0 0 0 0 0 0 0 0 0 0 0 0 0 0 0 0 0 0
1 18 39 3 18 0 1 18 6 0 1 1 0 39 1 2 6 1 39 1 3 0 0 0 0 40 0 18 0 0
0 57 6 8 57 0 0 57 0 0 0 3 0 0 0 7 3 0 1 0 7 0 0 0 0 0 0 0 0 0
1 17 47 2 17 0 1 17 2 0 1 5 0 47 1 0 3 4 47 5 2 2 0 1 0 46 0 17 0 0
0 0 6 29 16 0 0 16 0 0 0 16 0 0 0 29 16 0 0 16 30 0 0 8 0 0 0 0 0 0
1 18 36 2 18 0 0 18 4 0 1 2 0 36 1 5 4 2 36 2 1 0 0 0 0 36 0 18 0 0
0 0 5 0 0 0 0 0 0 0 6 5 0 0 0 33 4 0 0 5 0 0 0 0 0 0 0 0 0 0
1 0 22 10 0 0 0 0 0 0 0 5 0 18 1 11 4 1 18 7 11 0 0 0 0 18 0 0 0 0
0 0 0 17 0 0 0 0 0 0 0 0 0 0 0 0 0 0 0 0 17 0 0 0 0 0 0 0 0 0
0 11 61 0 11 0 0 11 4 9 0 2 0 53 0 0 4 2 53 2 0 4 0 0 0 53 0 11 0 8
0 0 15 0 0 0 0 0 0 0 16 1 0 0 0 0 1 0 0 1 0 0 0 0 0 0 0 0 0 0
1 0 51 14 0 0 2 0 0 0 2 0 0 51 1 2 0 0 51 0 14 2 0 1 0 50 0 0 0 0
0 0 0 12 3 5 1 3 3 0 1 20 4 0 0 39 25 3 0 27 12 0 0 0 0 0 0 0 0 0
1 0 54 17 0 0 1 0 0 0 1 0 0 54 1 0 0 0 54 0 17 2 0 0 0 54 0 0 0 0
0 70 0 1 0 32 0 0 0 0 0 8 43 0 0 42 11 0 0 7 1 0 0 0 0 0 0 0 0 0
0 0 29 17 0 0 1 2 3 0 1 5 0 21 0 13 9 0 21 6 17 0 0 0 0 19 0 0 0 0
0 0 0 0 0 0 0 0 0 0 0 0 0 0 0 0 0 0 0 0 0 0 0 0 0 0 0 0 0 0
2 12 44 6 12 2 3 12 4 21 2 3 0 23 2 10 4 4 23 4 6 2 0 3 0 23 0 2 1 21
0 0 0 33 0 6 0 0 0 0 6 0 6 0 0 42 0 0 0 0 33 0 0 0 0 0 0 0 0 0
1 14 36 3 14 0 1 14 3 0 1 4 0 34 1 5 4 3 34 4 3 0 0 1 0 35 0 14 0 0
0 0 16 3 0 0 0 0 0 0 10 0 0 0 0 0 0 0 0 0 3 0 0 0 0 0 0 0 0 0
4 0 41 12 0 0 4 0 4 0 4 0 0 42 4 6 4 0 42 0 12 0 0 0 0 42 0 0 0 0
1 35 0 7 0 15 0 0 1 0 8 9 14 0 1 49 1 1 0 9 7 0 0 0 0 0 0 0 0 0
4 15 22 12 13 2 5 13 8 0 5 5 4 21 4 12 11 5 21 5 12 0 0 0 0 21 0 0 0 0
0 0 9 3 0 0 0 0 0 0 14 0 0 0 0 1 0 0 0 0 3 0 0 0 0 0 0 0 0 0
1 18 38 3 18 0 1 18 5 0 1 2 0 38 1 0 5 2 39 2 3 0 0 0 0 38 0 18 0 0
0 0 0 30 0 2 0 0 0 0 1 0 2 0 0 32 0 0 0 0 29 0 0 0 0 0 0 0 0 0
2 0 42 15 0 0 2 3 2 0 2 3 0 36 2 3 4 1 36 5 15 0 0 3 0 35 0 0 0 0
0 0 0 33 0 6 0 0 0 0 0 9 9 0 0 3 11 0 0 9 33 0 0 0 0 0 0 0 0 0
1 0 59 6 0 0 0 1 2 0 0 2 0 55 1 3 3 1 55 3 6 0 0 3 0 56 0 0 0 0
0 0 40 0 10 0 0 0 9 0 0 10 0 0 0 0 9 10 0 10 0 0 0 0 0 0 0 0 0 0
0 0 64 3 0 0 1 1 0 0 1 0 0 61 0 0 0 0 61 0 3 0 0 0 0 60 0 0 0 0
0 10 0 7 9 10 0 9 4 0 0 9 3 0 0 35 4 5 0 9 7 0 0 1 5 0 2 0 0 0
0 0 75 0 0 0 0 0 0 0 0 0 0 75 0 0 0 0 75 0 0 0 0 0 0 74 0 0 0 0
0 40 4 11 2 5 0 2 0 0 2 0 8 0 0 44 5 0 0 0 10 0 0 0 0 0 0 0 0 0
1 16 36 2 16 0 1 17 4 0 1 3 0 36 1 5 4 2 36 3 2 0 0 1 0 36 0 17 0 0
0 0 4 19 1 6 2 0 0 0 5 6 6 0 0 12 9 1 0 6 18 0 0 0 0 0 0 0 0 0
1 0 54 16 0 0 1 0 0 0 1 0 0 54 1 2 0 0 54 0 15 2 0 0 0 54 0 0 0 0
0 0 7 15 0 9 0 1 3 0 0 11 7 0 0 8 11 3 1 11 15 0 0 2 0 0 0 0 0 0
0 8 65 0 8 0 0 8 4 13 0 2 0 53 0 0 4 2 53 2 0 4 0 0 0 53 0 8 0 12
0 0 16 0 0 0 0 0 0 0 18 0 0 0 0 0 0 0 0 0 0 0 0 0 0 0 0 0 0 0
1 12 37 3 11 0 1 12 4 0 1 5 0 36 1 6 5 4 36 5 3 0 0 1 0 36 0 11 0 0
0 0 6 13 0 0 0 0 0 0 0 7 0 0 0 14 9 0 0 7 13 0 0 0 0 0 0 0 0 0
1 0 39 15 0 0 0 0 0 0 0 5 0 35 1 9 3 1 35 7 15 0 0 0 0 36 0 0 0 0
0 8 0 0 0 0 0 0 0 18 0 28 0 0 0 18 14 0 0 42 0 0 0 0 0 0 0 0 0 0
4 0 41 15 0 0 5 0 3 0 5 0 0 41 4 5 3 0 41 0 14 0 0 0 0 41 0 0 0 0
0 0 11 9 0 0 0 0 0 0 1 0 0 0 0 4 4 0 0 0 9 0 0 0 0 0 0 0 0 0
2 9 42 9 9 0 2 8 5 18 2 4 0 20 2 12 9 1 20 4 9 2 0 3 0 20 0 2 1 18
0 0 1 21 0 0 0 0 0 0 1 9 0 0 0 26 9 0 0 9 22 0 0 0 0 0 0 0 0 0
1 0 57 8 0 0 0 1 2 0 0 2 0 53 1 2 3 1 53 3 8 0 0 3 0 54 0 0 0 0
0 76 0 5 0 30 0 0 0 0 20 2 30 0 0 14 3 0 0 2 6 0 0 0 0 0 0 0 0 0
5 0 39 15 0 0 5 0 5 0 5 1 0 38 5 5 6 1 38 1 15 0 0 0 0 39 0 0 0 0
0 0 0 0 0 0 0 0 0 0 0 0 0 0 0 150 0 0 0 0 0 0 0 0 0 0 0 0 0 0
1 0 32 15 0 0 0 0 0 0 0 5 0 28 1 10 4 1 28 7 15 0 0 0 0 28 0 0 0 0
0 0 1 25 0 0 2 0 1 0 2 5 0 0 0 11 8 0 2 5 25 0 0 0 0 0 0 0 0 0
1 14 35 3 14 0 1 14 3 0 1 4 0 34 1 5 4 3 35 4 3 0 0 1 0 35 0 14 0 0
0 0 17 29 0 0 0 0 0 0 0 17 0 0 0 6 22 0 0 17 29 0 0 0 0 0 0 0 0 0
4 0 44 11 0 0 3 0 4 0 3 0 0 44 4 8 4 0 44 0 11 0 0 0 0 44 0 0 0 0
0 0 75 0 0 0 0 0 0 0 0 0 0 0 0 0 0 0 0 0 0 0 0 0 0 0 0 0 0 0
4 1 42 11 0 1 4 0 4 0 3 0 1 42 4 8 4 0 42 0 12 0 1 0 2 42 1 0 0 0
0 1 6 17 0 4 0 0 0 0 23 2 10 0 0 15 6 1 0 2 19 0 0 0 0 0 0 0 0 0
0 0 58 16 0 0 0 0 0 0 0 0 0 57 0 0 0 0 58 0 16 0 0 0 0 58 0 0 0 0
0 0 14 3 0 0 0 0 0 0 10 0 0 0 0 0 0 0 0 0 3 0 0 0 0 0 0 0 0 0
3 13 24 10 14 0 4 13 8 0 4 6 0 24 3 17 8 6 24 6 10 0 0 0 0 24 0 0 0 0
0 0 0 23 0 1 0 0 0 30 0 6 1 0 0 12 6 0 0 6 23 0 0 0 0 0 0 0 0 0
1 0 34 15 0 0 2 0 0 0 2 0 0 33 1 4 1 0 34 0 15 2 0 1 0 33 0 0 0 0
0 0 1 12 0 0 0 0 0 0 4 5 0 0 0 14 6 1 0 5 12 0 0 0 0 0 0 0 0 0
1 18 36 3 18 0 1 18 3 0 1 7 0 36 1 2 3 7 36 7 3 0 0 0 0 36 0 18 0 0
0 0 6 3 0 0 0 0 0 0 10 0 0 0 0 27 9 0 1 0 4 0 0 0 0 0 0 0 0 0
2 0 20 11 0 0 2 0 1 0 2 4 0 17 2 12 4 1 17 6 11 1 0 1 0 17 0 0 0 0
0 0 6 12 1 6 0 1 1 0 0 5 6 0 0 25 21 0 1 5 12 0 0 11 0 0 0 0 0 0
1 18 43 3 18 0 1 18 3 0 1 2 0 44 1 0 3 2 44 2 3 0 0 0 0 44 0 18 0 0
0 0 0 30 0 0 0 0 0 0 0 0 0 0 0 60 0 0 0 0 30 0 0 0 0 0 0 0 0 0
1 36 24 3 0 19 1 0 2 0 1 6 22 24 1 21 4 4 24 6 3 0 0 0 0 24 0 0 0 0
0 0 0 17 0 0 0 0 0 0 1 0 0 0 0 2 0 0 0 0 17 0 0 0 0 0 0 0 0 0
3 5 36 6 0 2 3 0 7 18 3 1 1 18 3 10 8 1 17 1 6 2 0 3 0 18 0 0 1 18
0 39 0 0 0 21 0 0 0 0 0 10 22 0 0 9 5 0 0 3 0 0 0 0 0 0 0 0 0 0
0 0 68 6 0 0 0 0 0 0 0 0 0 67 0 1 0 0 66 0 6 0 0 0 0 67 0 0 0 0
0 0 18 0 0 0 0 0 0 0 21 0 0 0 0 0 0 0 0 0 0 0 0 0 0 0 0 0 0 0
2 13 21 9 13 0 2 13 10 0 3 5 0 17 2 12 10 5 17 5 8 0 0 0 0 17 0 0 0 0
0 0 16 0 0 0 0 0 0 0 17 0 0 0 0 0 0 0 0 0 0 0 0 0 0 0 0 0 0 0
1 14 44 3 14 0 1 14 1 0 1 4 0 42 1 6 2 3 42 4 3 0 0 1 0 42 0 14 0 0
0 0 16 0 0 0 0 0 0 0 17 0 0 0 0 0 0 0 0 0 0 0 0 0 0 0 0 0 0 0
1 11 37 3 11 0 1 12 4 0 1 5 0 36 1 5 5 4 36 5 3 0 0 1 0 36 0 11 0 0
0 0 16 0 0 0 0 0 0 0 15 0 0 0 0 0 0 0 0 0 0 0 0 0 0 0 0 0 0 0
4 4 33 11 5 0 3 4 6 0 3 5 0 33 4 13 6 5 33 5 11 0 0 0 0 33 0 0 0 0
0 1 8 15 0 1 1 0 10 0 0 12 1 0 0 18 21 4 0 12 15 0 0 0 2 0 1 0 0 0
1 14 40 3 14 0 1 14 3 0 1 4 0 39 1 6 4 3 38 4 3 2 0 1 0 39 0 14 0 0
0 0 1 33 1 4 0 2 1 1 2 5 5 0 0 25 12 1 0 7 34 0 0 0 0 0 0 0 0 0
2 0 21 10 0 0 2 0 1 0 2 4 0 18 2 12 4 1 18 5 10 1 0 1 0 18 0 0 0 0
0 101 0 33 0 0 0 0 0 0 0 0 0 0 0 18 1 0 0 0 34 0 0 0 0 0 0 0 0 0
3 0 17 16 0 0 3 0 0 0 3 3 0 14 2 8 3 0 15 3 16 2 0 1 0 14 0 0 0 0
0 7 6 7 0 10 1 0 0 0 6 3 9 0 0 18 5 0 0 3 7 0 0 0 0 0 0 0 0 0
0 0 54 15 0 0 0 0 0 0 0 1 0 54 0 2 1 0 54 2 16 0 0 0 0 54 0 0 0 0
0 19 0 6 0 15 0 0 2 0 8 8 12 0 0 37 3 2 0 8 6 0 0 0 0 0 0 0 0 0
2 18 37 6 18 0 2 18 3 0 2 2 0 37 2 2 3 2 38 2 6 1 0 0 0 37 0 18 0 0
0 7 3 0 0 0 0 0 0 0 0 7 1 0 0 30 11 0 0 7 0 0 0 0 0 0 0 0 0 0
4 0 21 19 0 0 3 0 7 0 4 2 0 21 4 16 7 2 21 2 18 0 0 0 0 21 0 0 0 0
0 0 2 17 0 2 1 0 0 0 1 17 0 0 0 6 7 5 1 17 17 0 0 0 0 0 0 0 0 0
0 0 63 11 0 0 0 0 0 0 0 0 0 63 0 0 0 0 64 0 11 0 0 0 0 63 0 0 0 0
0 0 15 0 0 0 0 0 0 0 13 1 0 0 0 3 1 0 0 1 0 0 0 0 0 0 0 0 0 0
4 0 43 11 0 0 4 0 4 0 4 0 0 43 4 8 4 0 43 0 11 0 0 0 0 43 0 0 0 0
0 0 0 0 0 0 0 0 0 0 0 1 0 0 0 3 1 0 0 0 0 0 0 0 0 0 0 0 0 0
1 0 45 14 0 0 2 0 0 0 2 0 0 45 1 2 0 0 45 0 14 2 0 1 0 45 0 0 0 0
0 6 0 47 0 0 0 0 0 0 0 0 0 0 0 5 1 0 0 0 48 0 0 0 0 0 0 0 0 0
1 17 43 3 17 0 1 17 3 0 1 5 0 43 1 5 4 5 43 5 3 2 0 1 0 42 0 17 0 0
0 0 16 0 0 0 0 0 0 0 17 0 0 0 0 0 0 0 0 0 0 0 0 0 0 0 0 0 0 0
2 3 49 5 3 0 2 3 8 18 2 3 0 30 2 7 9 2 29 3 5 4 0 3 0 30 0 3 1 18
0 0 17 0 0 0 0 0 0 0 18 0 0 0 0 0 0 0 0 0 0 0 0 0 0 0 0 0 0 0
1 0 54 15 0 0 2 0 0 0 2 0 0 54 1 2 0 0 54 0 15 2 0 0 0 54 0 0 0 0
0 0 5 7 0 0 0 0 0 0 7 5 0 0 0 20 6 0 0 5 7 0 0 0 0 0 0 0 0 0
0 0 58 16 0 0 0 0 0 0 0 0 0 57 0 0 0 0 58 0 16 0 0 0 0 58 0 0 0 0
0 0 28 0 0 0 0 0 0 0 0 0 0 0 0 0 0 0 0 0 0 0 0 0 0 0 0 0 0 0
0 0 58 16 0 0 0 0 0 0 0 0 0 58 0 0 0 0 58 0 16 0 0 0 0 57 0 0 0 0
0 140 0 0 70 0 0 70 0 0 0 0 0 0 0 5 6 0 0 0 1 0 0 0 0 0 0 0 0 0
1 18 42 3 18 0 1 18 3 0 1 2 0 42 1 0 3 2 42 2 3 1 0 0 0 41 0 18 0 0
0 1 5 20 0 0 0 0 3 0 0 8 0 0 0 22 12 3 1 8 20 0 0 0 0 0 0 0 0 0
4 0 41 12 0 0 4 0 4 0 4 0 0 41 4 8 4 0 40 0 12 0 0 0 0 41 0 0 0 0
0 1 11 4 0 2 0 0 0 0 7 4 3 0 0 10 5 0 1 4 4 0 0 0 7 0 2 0 0 0
3 13 24 10 14 0 5 13 8 0 4 6 0 24 3 17 8 6 24 6 11 0 0 0 0 24 0 0 0 0
0 6 0 0 0 60 0 0 0 0 0 29 11 0 0 55 0 0 0 29 0 0 0 0 0 0 0 0 0 0
3 0 43 11 0 0 4 0 4 0 4 0 0 43 3 6 4 0 44 0 11 0 0 0 0 43 0 0 0 0
0 0 0 20 0 0 0 0 0 0 1 4 1 0 0 42 17 0 0 4 20 0 0 0 0 0 0 0 0 0
0 0 41 13 0 0 1 1 3 0 1 4 0 35 0 11 7 0 35 4 13 0 0 0 0 33 0 0 0 0
0 0 3 9 0 0 0 3 0 0 5 4 0 0 0 25 3 0 0 4 9 0 0 0 0 0 0 0 0 0
