15 18 8 5 8 8 10 15 4 16 9 15 9 15 5 15 15 61 5 8 10 5 10 10
0 0 75 0 0 0 0 0 0 0 0 0 0 0 0 0 0 0 0 75 0 0 0 0
18 16 8 6 8 8 8 18 4 15 9 18 9 18 6 15 15 54 6 8 8 6 8 10
0 2 13 0 0 0 43 0 0 8 0 0 43 5 1 0 8 0 1 14 0 0 0 0
15 18 8 5 8 8 10 15 4 17 9 15 9 15 5 16 17 57 5 8 10 5 10 10
0 0 0 0 0 0 149 0 0 0 0 0 150 0 0 0 0 0 0 0 0 0 0 0
15 16 7 5 7 7 11 15 2 16 4 15 11 19 6 16 17 62 6 7 9 5 9 8
0 0 75 0 0 0 0 0 0 0 0 0 0 0 0 0 0 0 0 75 0 0 0 0
12 20 9 4 9 9 11 12 2 12 11 12 11 12 4 12 12 73 4 9 11 4 11 13
1 3 3 8 0 0 26 1 0 7 0 1 28 19 0 0 8 2 0 3 0 0 0 0
17 17 11 5 10 10 12 17 3 15 7 17 12 17 5 15 15 50 5 10 7 6 7 9
0 0 2 6 0 0 8 0 0 3 0 0 9 2 0 0 4 0 0 1 0 0 0 0
15 20 11 5 11 11 11 15 5 15 9 15 12 16 5 15 15 43 5 11 9 5 10 9
0 0 75 0 0 0 0 0 0 0 0 0 0 0 0 0 0 0 0 75 0 0 0 0
11 25 16 3 16 16 9 12 5 9 9 11 9 11 3 9 9 66 3 16 9 4 8 10
0 0 0 74 0 0 1 0 0 0 0 0 1 1 0 0 0 0 0 0 0 0 0 0
9 24 13 3 13 13 11 9 6 9 12 9 11 9 3 9 9 73 3 13 11 3 11 13
0 14 34 0 0 0 2 0 0 9 0 0 2 8 6 4 9 0 6 34 0 0 0 0
12 21 9 4 9 9 11 12 4 12 11 12 11 12 4 12 12 72 4 9 11 4 11 11
0 16 39 0 0 0 1 0 0 11 0 0 1 13 5 5 11 0 5 40 0 0 0 0
12 23 14 4 14 14 9 13 6 13 9 13 9 12 4 13 13 49 4 14 9 5 9 14
75 0 0 0 0 0 0 0 0 0 0 0 0 0 0 0 0 0 0 0 0 0 0 0
18 16 8 6 7 7 9 18 2 18 8 18 8 18 6 18 18 52 6 7 9 6 9 7
0 2 0 0 0 0 1 0 0 0 0 0 1 2 0 0 0 0 0 0 0 0 0 0
12 21 11 4 11 12 10 12 3 12 11 12 11 12 4 12 12 65 4 11 10 4 10 13
13 3 2 0 0 0 10 12 0 2 0 12 9 3 0 28 2 19 0 2 0 0 0 0
16 16 7 6 7 7 9 15 2 17 8 16 9 16 7 17 17 62 7 7 9 5 9 8
3 9 19 0 0 0 14 0 0 2 1 0 13 3 0 4 2 6 0 19 0 0 0 0
24 10 5 8 5 5 5 24 2 24 3 24 4 24 9 24 24 41 9 5 5 7 5 3
0 0 1 0 0 0 60 0 0 39 0 0 60 97 0 0 40 0 0 1 0 0 0 0
9 24 12 3 12 12 12 9 6 10 11 9 11 9 3 9 9 74 3 12 12 3 12 13
0 0 1 0 0 0 60 0 0 38 0 0 60 100 0 0 38 0 0 1 0 0 0 0
15 20 12 5 11 11 10 15 5 13 9 15 10 15 5 14 14 49 5 12 9 5 9 11
0 17 35 0 0 0 14 0 0 18 0 0 13 15 0 2 18 1 0 34 0 0 0 0
14 18 8 5 8 8 10 13 1 15 9 13 10 14 6 15 15 67 6 8 10 5 10 11
0 0 75 0 0 0 0 0 0 0 0 0 0 0 0 0 0 0 0 75 0 0 0 0
15 19 10 5 10 10 9 14 5 15 9 15 9 15 5 15 15 57 5 10 9 4 9 10
4 36 34 0 0 0 19 0 0 4 0 0 18 6 0 0 4 0 0 34 0 0 0 0
14 21 12 4 12 12 9 15 3 12 9 14 9 14 4 12 12 60 4 12 9 5 9 12
0 4 62 0 0 0 8 0 0 2 0 0 8 2 0 0 2 0 0 62 0 0 0 0
15 17 9 5 9 9 11 15 2 15 3 15 11 19 6 15 15 60 6 9 8 5 9 7
0 0 75 0 0 0 0 0 0 0 0 0 0 0 0 0 0 0 0 75 0 0 0 0
19 15 9 6 9 9 8 19 5 18 6 19 8 19 6 18 18 45 6 9 6 7 6 9
0 0 1 0 0 0 57 0 0 41 0 0 56 100 0 0 41 0 0 1 0 0 0 0
14 19 8 5 8 8 10 13 1 15 9 13 10 13 6 15 15 67 6 8 11 4 11 10
2 15 37 0 0 0 2 2 0 13 0 2 2 12 5 8 13 0 5 37 0 0 0 0
12 22 13 4 13 13 8 12 6 15 8 12 8 12 4 14 14 58 4 13 8 4 9 13
0 0 75 0 0 0 0 0 0 0 0 0 0 0 0 0 0 0 0 75 0 0 0 0
15 19 9 5 9 9 10 14 3 12 10 14 10 15 5 13 13 64 5 9 10 4 10 12
0 0 11 0 0 0 51 0 0 41 0 0 50 0 0 0 41 0 0 11 0 0 0 0
14 20 11 5 11 11 9 13 4 15 8 14 8 14 5 15 15 58 5 11 9 4 9 11
6 4 4 1 0 0 16 6 0 3 0 6 15 5 0 17 3 19 0 4 0 0 0 0
14 18 8 5 8 8 10 13 1 15 9 14 10 14 6 15 15 67 6 8 10 4 10 11
0 0 75 0 0 0 0 0 0 0 0 0 0 0 0 0 0 0 0 75 0 0 0 0
16 16 8 5 8 8 8 17 1 15 8 17 8 16 5 15 15 73 5 8 8 5 8 6
6 10 22 0 0 0 7 6 0 9 0 6 8 9 6 12 9 4 6 23 0 0 0 0
13 19 8 5 8 8 11 13 1 15 9 13 10 13 6 15 15 67 6 8 11 4 11 10
0 0 75 0 0 0 0 0 0 0 0 0 0 0 0 0 0 0 0 75 0 0 0 0
18 15 7 6 7 7 14 18 2 18 7 18 13 18 6 18 18 49 6 7 8 5 8 6
0 4 11 1 1 1 19 0 0 0 1 0 21 10 7 0 0 2 7 11 0 0 0 0
16 15 7 6 7 7 14 15 4 18 8 16 14 16 6 18 18 52 6 7 8 5 8 8
0 0 1 0 0 0 58 0 0 41 0 0 58 98 0 0 41 0 0 1 0 0 0 0
15 20 11 5 11 11 9 15 5 15 9 15 9 15 5 15 15 49 5 11 9 5 9 11
3 10 11 0 0 0 19 3 0 8 0 3 16 13 0 8 8 15 0 11 0 0 0 0
12 20 9 4 9 9 11 12 5 12 11 12 11 12 4 12 12 72 4 9 11 4 10 12
0 7 17 0 0 0 19 0 0 6 1 0 19 7 1 4 7 18 1 17 0 0 0 0
15 20 11 5 11 10 9 15 4 15 9 15 9 15 5 15 15 54 5 11 9 5 9 8
0 0 75 0 0 0 0 0 0 0 0 0 0 0 0 0 0 0 0 75 0 0 0 0
15 17 8 5 8 8 15 15 4 15 9 15 15 15 5 15 15 54 5 8 9 5 9 10
0 1 18 1 0 0 35 0 0 3 0 0 35 4 3 0 3 0 3 18 0 0 0 0
18 14 6 6 6 6 9 18 0 18 6 18 9 18 7 18 18 68 7 6 7 6 8 2
15 0 1 0 0 0 2 15 0 0 0 15 2 0 0 29 0 16 0 1 0 0 0 0
15 18 10 5 9 9 9 15 3 15 8 15 9 15 6 15 15 63 6 10 9 5 9 6
0 3 11 0 0 0 36 0 0 8 0 0 36 2 4 0 8 0 4 11 0 0 0 0
12 22 12 4 12 12 11 12 6 12 10 12 10 12 4 12 12 56 4 12 11 4 10 15
0 0 0 72 0 0 2 0 0 0 0 0 2 2 0 0 0 0 0 0 0 0 0 0
17 15 7 6 7 7 14 16 2 18 8 17 14 17 6 18 18 52 6 7 8 5 8 6
1 0 1 0 0 0 67 0 0 33 0 1 66 2 1 1 33 0 1 1 0 0 0 0
19 12 7 7 6 6 7 18 4 21 5 18 5 20 7 21 21 55 7 7 6 6 6 7
1 3 0 0 0 0 28 1 0 2 0 1 26 10 0 2 2 1 0 0 0 0 0 0
14 18 8 5 8 8 10 14 1 15 9 14 10 14 5 15 15 67 5 8 10 5 10 11
0 0 75 0 0 0 0 0 0 0 0 0 0 0 0 0 0 0 0 75 0 0 0 0
12 20 9 4 10 10 10 12 5 12 11 12 11 12 4 12 12 70 4 10 10 4 10 13
0 0 75 0 0 0 0 0 0 0 0 0 0 0 0 0 0 0 0 75 0 0 0 0
9 23 12 4 12 12 11 9 5 12 11 9 11 9 3 12 12 73 3 12 11 3 11 10
2 10 22 0 0 0 5 2 0 10 0 2 4 15 6 4 10 0 6 22 0 0 0 0
15 18 11 5 11 11 9 15 4 15 8 15 9 15 5 15 15 58 5 11 8 5 7 9
6 7 0 0 0 0 22 6 0 2 0 6 23 4 0 17 2 9 0 0 0 0 0 0
16 17 8 5 8 8 9 17 4 17 9 17 9 16 5 16 17 54 5 8 9 6 9 10
0 0 75 0 0 0 0 0 0 0 0 0 0 0 0 0 0 0 0 75 0 0 0 0
12 20 9 4 9 9 11 12 4 12 11 12 11 12 4 12 12 72 4 9 11 4 11 12
0 0 75 0 0 0 0 0 0 0 0 0 0 0 0 0 0 0 0 75 0 0 0 0
15 18 10 5 10 10 10 15 4 16 7 15 10 15 6 16 16 58 6 10 8 5 8 6
0 0 0 0 0 0 7 0 0 0 0 0 7 3 0 0 0 0 0 0 0 0 0 0
12 19 9 4 9 9 10 12 2 11 11 12 11 12 4 12 12 78 4 9 10 4 10 13
0 2 28 0 0 0 10 0 0 6 0 0 8 8 0 1 6 12 0 28 0 0 0 0
9 24 12 3 12 12 12 9 6 9 11 9 11 9 3 9 9 75 3 12 12 3 12 13
17 0 0 0 0 0 0 17 0 0 0 17 0 0 0 32 0 16 0 0 0 0 0 0
12 20 9 4 9 9 11 12 3 12 12 12 11 12 4 12 12 72 4 9 11 4 11 12
0 0 75 0 0 0 0 0 0 0 0 0 0 0 0 0 0 0 0 75 0 0 0 0
12 21 12 5 12 12 9 12 2 15 7 12 8 12 6 15 15 65 6 12 9 4 9 7
0 0 75 0 0 0 0 0 0 0 0 0 0 0 0 0 0 0 0 75 0 0 0 0
15 18 8 5 8 8 10 15 1 13 9 15 10 15 6 13 13 67 6 8 10 5 10 11
16 0 0 0 0 0 0 16 0 0 0 16 0 0 0 33 0 16 0 0 0 0 0 0
18 16 10 6 10 10 8 18 4 17 7 18 9 18 6 18 17 48 6 10 6 6 6 7
0 0 75 0 0 0 0 0 0 0 0 0 0 0 0 0 0 0 0 75 0 0 0 0
15 17 7 5 8 8 9 15 1 15 9 15 10 15 6 15 15 67 6 7 9 5 9 11
16 0 0 0 0 0 0 16 0 0 0 16 0 0 0 33 0 16 0 0 0 0 0 0
15 21 13 5 13 13 8 15 4 12 8 15 8 15 5 13 12 55 5 13 8 5 8 10
0 0 0 0 0 0 55 0 0 44 0 0 55 100 0 0 45 0 0 0 0 0 0 0
15 20 12 5 12 12 8 15 3 15 7 15 8 15 6 15 15 55 6 12 8 5 8 7
0 6 8 10 0 0 23 0 0 7 7 0 24 8 1 0 7 10 1 8 0 0 0 0
15 19 11 5 11 11 8 14 5 15 8 14 8 14 5 15 15 58 5 11 8 5 8 11
0 0 5 6 0 0 40 0 0 21 0 0 40 5 0 0 21 0 0 6 0 0 0 0
12 22 12 3 11 11 12 12 3 9 10 12 12 13 4 9 9 73 3 12 11 4 11 8
2 4 8 0 0 0 39 2 0 2 0 2 40 31 1 3 2 0 1 8 0 0 0 0
15 19 11 5 11 11 12 15 4 15 5 15 13 18 5 15 15 47 5 11 8 5 8 8
2 2 14 3 0 0 40 2 0 5 0 2 42 23 4 0 5 0 4 14 0 0 0 0
14 18 7 4 7 7 11 15 0 12 11 15 12 15 5 12 12 75 5 7 11 5 11 8
0 0 0 75 0 0 0 0 0 0 0 0 0 0 0 0 0 0 0 0 0 0 0 0
15 19 11 5 11 11 8 15 3 15 8 15 8 15 5 16 15 58 5 11 8 5 8 9
16 0 0 0 0 0 0 16 0 0 0 16 0 0 0 32 0 16 0 0 0 0 0 0
12 21 12 5 12 12 9 12 2 15 7 12 8 12 5 15 15 66 6 12 9 4 9 7
11 13 11 0 0 0 8 12 0 4 0 11 8 7 0 22 4 19 0 11 0 0 0 0
13 18 9 5 9 9 12 13 4 15 9 13 12 13 5 15 15 62 5 9 9 4 10 11
23 8 18 0 0 0 8 11 0 14 0 15 8 16 8 4 14 0 8 18 0 0 0 0
15 19 11 4 11 11 11 15 3 12 9 15 11 15 5 12 12 60 5 11 9 5 8 10
0 0 0 0 0 0 24 0 0 1 0 0 26 3 0 0 1 0 0 0 0 0 0 0
12 21 9 4 9 9 11 12 4 12 11 12 11 12 4 12 12 72 4 9 11 4 11 11
0 4 70 0 0 0 21 0 0 1 0 0 20 0 0 0 1 0 0 70 0 0 0 0
15 17 7 5 8 8 10 15 0 15 9 15 11 15 6 15 15 69 6 7 9 5 9 8
0 0 75 0 0 0 0 0 0 0 0 0 0 0 0 0 0 0 0 75 0 0 0 0
12 16 12 4 7 7 20 12 3 12 6 12 19 16 4 12 12 52 4 12 10 4 9 10
0 5 16 0 0 0 27 0 0 5 0 0 27 10 3 4 5 5 3 16 0 0 0 0
13 21 12 4 12 12 9 14 3 12 10 13 10 13 4 12 12 61 4 12 9 5 9 13
0 0 1 0 0 0 58 0 0 41 0 0 58 98 0 0 41 0 0 1 0 0 0 0
12 21 12 4 12 12 9 12 7 12 10 12 10 12 4 12 12 62 4 12 9 4 9 14
0 1 13 0 0 0 60 0 0 3 0 0 61 17 2 2 3 8 2 13 0 0 0 0
17 16 8 6 8 8 14 16 4 16 8 16 14 17 6 17 17 46 6 8 8 5 8 10
0 0 1 0 0 0 55 0 0 44 0 0 55 98 0 0 44 0 0 1 0 0 0 0
12 19 9 4 9 9 11 12 2 10 11 12 11 12 4 11 11 80 4 9 10 4 10 13
7 8 18 0 0 0 5 7 0 6 0 7 5 6 2 17 7 7 2 17 0 0 0 0
14 21 12 4 12 12 9 14 4 12 9 14 9 14 4 12 12 60 4 12 9 5 9 12
1 3 3 1 0 0 15 1 0 22 0 1 15 12 1 2 22 1 1 4 0 0 0 0
15 19 11 4 11 11 8 15 6 15 8 15 8 15 4 14 15 58 4 11 8 5 8 11
0 0 75 0 0 0 0 0 0 0 0 0 0 0 0 0 0 0 0 75 0 0 0 0
15 19 11 5 11 11 8 15 3 15 8 15 8 15 5 15 16 58 5 11 8 5 8 9
0 0 0 0 0 0 58 0 0 42 0 0 58 100 0 0 41 0 0 0 0 0 0 0
13 19 9 5 9 9 11 12 5 13 10 13 11 13 5 14 14 64 5 9 10 4 10 12
0 13 20 0 0 0 10 0 0 7 0 0 11 7 8 3 7 1 8 20 0 0 0 0
9 16 11 3 8 8 25 9 2 7 8 9 28 14 3 7 8 46 3 11 8 3 8 9
0 3 3 0 0 0 59 0 0 0 0 0 58 30 3 2 0 1 3 3 0 0 0 0
12 22 13 4 13 13 9 13 5 12 9 12 9 12 4 12 12 60 4 13 9 5 9 13
14 1 2 0 0 0 4 13 0 1 0 14 4 1 0 26 1 13 0 2 0 0 0 0
18 16 9 6 9 8 8 18 4 17 8 18 8 18 6 18 17 46 6 9 8 6 8 10
0 0 75 0 0 0 0 0 0 0 0 0 0 0 0 0 0 0 0 75 0 0 0 0
12 20 9 4 9 9 11 12 1 12 10 12 11 12 5 12 12 75 5 9 11 4 11 11
15 1 0 0 0 0 3 15 0 1 0 15 2 1 0 31 1 14 0 0 0 0 0 0
15 16 8 5 8 8 10 15 1 14 6 15 11 17 5 15 15 73 5 8 8 5 8 6
13 14 6 0 0 0 2 13 0 0 0 13 2 2 0 26 0 14 0 6 0 0 0 0
15 19 11 5 11 11 8 16 5 15 9 15 9 15 5 15 15 51 5 11 8 6 8 11
1 19 6 0 0 0 38 1 0 3 2 1 38 34 1 2 1 1 1 6 0 0 0 0
14 20 11 4 11 11 15 15 5 13 9 14 15 14 4 13 13 49 4 11 9 5 9 11
1 3 0 0 0 0 28 1 0 2 0 1 28 10 0 2 2 1 0 0 0 0 0 0
12 19 8 4 8 8 11 12 1 15 10 12 10 12 5 14 14 75 5 8 11 4 11 10
0 0 75 0 0 0 0 0 0 0 0 0 0 0 0 0 0 0 0 75 0 0 0 0
12 16 8 3 7 7 12 12 3 10 6 12 10 12 3 15 10 42 3 8 6 3 6 7
0 0 75 0 0 0 0 0 0 0 0 0 0 0 0 0 0 0 0 75 0 0 0 0
12 20 9 4 9 9 11 12 2 12 11 12 11 12 4 12 12 73 4 9 11 4 11 13
5 1 20 1 0 0 7 5 0 1 0 5 11 7 0 10 1 5 0 22 0 0 0 0
12 20 13 4 11 11 15 11 4 12 6 12 15 15 4 12 12 54 4 14 9 3 9 11
0 0 0 0 0 0 38 0 0 2 0 0 38 11 0 0 3 0 0 0 0 0 0 0
15 20 12 5 12 12 8 15 3 15 7 15 8 15 6 15 15 55 6 12 8 5 8 7
0 2 21 2 0 0 9 0 0 2 0 0 9 6 0 0 2 0 0 22 0 0 0 0
15 20 11 5 11 11 9 15 5 15 9 15 9 15 5 15 15 49 5 11 9 5 9 11
13 1 9 14 0 0 26 0 0 10 3 0 24 20 0 0 12 0 0 9 0 0 0 0
18 16 8 5 8 8 14 18 4 15 8 18 14 18 6 15 15 46 5 8 8 6 8 10
3 0 0 0 0 0 15 3 0 1 0 3 17 5 0 8 1 4 0 0 0 0 0 0
15 19 10 5 10 10 10 15 2 12 9 15 11 16 5 13 13 63 5 10 9 5 9 7
1 4 5 0 0 0 45 1 0 3 0 1 45 22 3 2 0 1 3 5 0 0 0 0
13 20 10 4 10 10 10 14 2 12 10 14 10 14 4 12 12 71 4 10 10 5 10 8
0 0 0 74 0 0 0 0 0 0 0 0 0 0 0 0 0 0 0 0 0 0 0 0
12 21 11 4 11 11 10 12 5 12 11 12 11 12 4 12 12 65 4 11 10 4 10 12
0 0 0 0 0 0 57 0 0 42 0 0 57 101 0 0 42 0 0 0 0 0 0 0
12 22 13 4 13 13 9 12 6 12 10 12 10 12 4 12 12 57 4 13 9 4 9 15
0 0 0 0 0 0 60 0 0 41 0 0 60 97 0 0 41 0 0 0 0 0 0 0
12 19 9 4 9 9 13 12 4 14 7 12 12 14 4 14 14 70 4 9 10 4 10 8
0 0 75 0 0 0 0 0 0 0 0 0 0 0 0 0 0 0 0 75 0 0 0 0
13 21 11 4 11 10 10 14 4 12 10 13 10 13 4 12 12 64 4 11 10 5 10 11
0 0 0 73 0 0 2 0 0 0 0 0 2 2 0 0 0 0 0 0 0 0 0 0
12 20 9 4 9 9 11 12 1 12 10 12 11 12 5 12 12 75 5 9 11 4 11 11
0 0 75 0 0 0 0 0 0 0 0 0 0 0 0 0 0 0 0 75 0 0 0 0
15 19 9 4 9 9 10 15 5 12 10 15 10 15 4 12 12 64 4 9 10 5 10 12
0 0 75 0 0 0 0 0 0 0 0 0 0 0 0 0 0 0 0 75 0 0 0 0
15 20 11 4 11 11 15 15 5 12 9 15 15 15 4 12 12 49 4 11 9 5 9 11
0 0 75 0 0 0 0 0 0 0 0 0 0 0 0 0 0 0 0 75 0 0 0 0
15 18 9 5 10 10 14 15 5 15 9 15 15 15 5 15 15 48 5 10 8 5 8 10
0 0 75 0 0 0 0 0 0 0 0 0 0 0 0 0 0 0 0 75 0 0 0 0
15 19 10 5 11 11 14 15 4 15 8 15 14 15 5 15 15 46 5 11 8 5 8 10
0 0 0 0 0 0 149 0 0 0 0 0 150 0 0 0 0 0 0 0 0 0 0 0
