15 95 8 14 68 15 68 16
0 0 0 0 0 0 12 0
15 99 7 15 67 15 67 14
0 0 0 0 16 0 20 0
15 95 8 14 68 15 68 16
0 0 0 0 0 0 0 0
5 88 5 4 46 5 46 8
0 0 0 0 0 0 1 0
15 99 7 15 67 15 67 14
0 0 0 0 2 0 3 0
15 98 7 15 67 15 68 14
0 0 0 0 0 0 2 0
15 99 7 15 67 15 67 14
19 1 0 19 5 19 8 0
16 96 8 15 67 15 67 15
0 0 0 0 0 0 6 0
14 97 8 14 68 14 68 16
0 0 0 0 6 0 9 0
14 99 7 15 68 14 68 14
0 0 0 0 0 0 0 0
14 98 8 14 68 14 68 15
0 0 0 0 0 0 3 0
15 98 7 15 67 15 68 14
0 0 0 0 0 0 0 0
15 99 7 15 67 15 67 14
0 0 0 0 1 0 4 0
11 90 6 11 56 11 56 12
0 0 0 0 0 0 0 0
15 98 7 16 66 16 67 14
0 0 0 0 0 0 0 0
9 88 5 9 53 9 53 10
0 0 0 0 0 0 0 0
8 91 6 8 55 8 55 11
0 0 0 0 0 0 5 0
15 99 7 15 67 15 67 14
0 0 0 0 0 0 0 0
14 97 8 14 68 14 68 16
0 0 0 0 0 0 19 0
15 96 8 15 67 15 67 16
0 0 0 0 0 0 8 0
14 96 8 13 65 14 65 14
0 0 0 0 0 0 0 0
15 95 8 14 68 15 68 16
0 0 0 0 0 0 9 0
10 91 6 10 59 10 59 13
1 0 0 0 0 1 4 0
15 95 8 14 68 15 68 16
0 0 0 0 0 0 25 0
15 96 8 15 67 15 67 16
0 0 0 0 10 0 22 0
9 87 5 9 53 9 53 11
0 0 0 0 0 0 0 0
14 98 8 14 68 14 68 15
0 0 0 0 0 0 1 0
15 98 7 16 66 16 67 14
0 0 0 0 0 0 0 0
11 82 6 10 51 10 51 12
0 0 0 0 0 0 0 0
15 98 7 15 67 15 68 14
0 0 0 0 0 0 2 0
11 95 7 11 64 11 64 14
0 0 0 0 0 0 2 0
14 98 8 14 68 14 68 15
70 0 0 0 0 71 0 0
15 98 7 15 67 15 68 14
0 0 1 0 0 0 4 1
15 98 7 16 66 16 67 14
2 0 0 2 0 2 2 0
15 98 7 16 66 16 67 14
4 1 0 4 9 4 17 0
14 97 8 14 68 14 68 16
68 0 0 0 0 69 0 0
15 98 7 15 67 15 68 14
0 0 0 0 2 0 8 0
15 99 7 15 67 15 67 14
0 1 0 0 0 0 6 0
15 95 8 14 68 15 68 16
0 0 0 0 0 0 5 0
14 97 8 14 68 14 68 16
0 0 0 0 0 0 0 0
14 96 8 13 65 14 65 14
0 0 0 0 0 0 0 0
15 96 8 15 67 15 67 16
0 0 0 0 0 0 9 0
16 96 8 15 67 15 67 15
0 0 0 0 0 0 0 0
14 99 7 15 68 14 68 14
0 0 0 0 0 0 0 0
15 98 7 15 67 15 68 14
0 0 0 0 0 0 0 0
15 99 7 15 67 15 67 14
0 0 0 0 0 0 28 0
16 96 7 16 67 16 67 14
13 0 0 0 2 13 16 0
15 98 7 16 66 16 67 14
1 0 0 0 3 1 8 0
14 99 7 15 68 14 68 14
0 0 0 0 0 0 0 0
15 98 7 15 67 15 68 14
0 0 0 0 0 0 0 0
15 99 7 15 67 15 67 14
0 0 0 0 0 0 0 0
15 98 7 15 67 15 68 14
0 0 0 0 4 0 4 0
15 98 7 15 67 15 68 14
0 0 0 0 0 0 0 0
15 98 7 16 66 16 67 14
2 0 0 1 1 1 4 0
15 98 7 16 66 16 67 14
0 0 0 0 16 0 20 0
15 96 8 14 68 14 68 16
4 0 0 0 0 4 7 0
15 95 8 14 68 15 68 16
0 0 0 0 0 0 0 0
15 98 7 15 67 15 68 14
0 0 0 0 2 0 6 0
9 92 5 9 55 9 55 11
0 0 0 0 0 0 0 0
15 99 8 15 66 15 67 14
0 0 0 0 0 0 0 0
11 92 7 11 65 11 65 15
46 0 0 0 0 47 0 0
15 98 7 16 67 15 67 14
1 0 0 1 2 1 7 0
14 99 7 15 68 14 68 14
0 0 0 0 0 0 0 0
16 97 7 16 67 16 66 14
0 0 0 0 17 0 21 0
8 90 5 9 53 9 53 9
0 0 0 0 0 0 0 0
15 98 7 16 66 16 67 14
0 0 0 0 0 0 0 0
16 96 8 15 67 15 67 15
60 0 0 0 0 60 0 0
10 87 6 10 55 10 55 13
0 0 0 0 0 0 0 0
15 96 8 15 67 15 67 16
9 1 0 9 1 9 7 0
14 97 8 14 68 14 68 16
0 0 0 0 0 0 0 0
15 98 7 16 67 15 67 14
8 0 0 0 10 4 21 0
14 99 7 15 68 14 68 14
0 1 0 0 0 0 5 0
15 97 8 15 67 15 67 15
0 0 0 0 0 0 0 0
14 99 7 15 68 14 68 14
3 0 0 0 5 5 6 0
15 99 7 15 67 15 67 14
4 0 0 0 0 4 10 0
11 91 6 12 61 12 61 13
0 0 0 0 0 0 0 0
15 98 7 15 67 15 68 14
21 0 0 0 0 21 0 0
16 97 7 16 67 16 66 14
4 0 0 0 1 4 11 0
15 98 7 16 66 16 67 14
0 0 0 0 0 0 9 0
8 90 6 9 55 8 55 11
0 0 0 0 0 0 0 0
10 89 6 10 53 10 54 10
8 0 0 0 0 8 17 0
14 100 7 14 68 14 68 14
0 0 0 0 0 0 9 0
15 96 8 15 67 15 67 16
4 0 0 4 0 4 0 0
12 94 7 12 64 12 64 13
0 6 0 0 11 0 32 0
10 88 5 10 53 10 53 10
0 0 0 0 2 0 2 0
16 96 7 16 66 16 67 15
0 0 0 0 3 0 4 0
16 96 7 16 67 16 67 14
0 0 0 0 0 0 0 0
14 97 8 14 68 14 68 16
0 0 0 0 6 0 17 0
14 99 8 14 68 14 68 14
0 0 0 0 0 0 0 0
15 96 8 15 67 15 67 16
0 0 0 0 0 0 2 0
14 98 8 14 68 14 68 15
0 0 0 0 0 0 0 0
16 96 8 15 67 15 67 15
1 0 0 1 2 1 9 0
13 95 7 13 62 13 63 12
0 0 0 0 0 0 9 0
15 98 7 15 67 15 68 14
0 0 0 0 0 0 6 0
15 95 8 14 68 15 68 16
0 0 0 0 0 0 4 0
15 96 8 14 68 14 68 16
71 0 0 0 0 71 0 0
16 96 8 15 67 15 67 15
0 0 0 0 0 0 4 0
11 94 7 12 58 12 58 12
0 0 0 0 0 0 0 0
15 99 7 15 67 15 67 14
0 0 0 0 0 0 2 0
10 88 6 9 54 10 54 11
0 0 0 0 0 0 0 0
