15 18 10 5 9 9 9 3 15 15 8 15 9 15 6 15 15 63 6 10 5 9 9 6
9 1 21 1 0 0 36 0 8 4 1 9 33 23 11 9 4 0 11 21 0 0 0 0
15 18 8 5 8 8 10 4 15 16 9 15 9 15 5 15 15 61 5 8 5 10 10 10
0 6 21 1 0 0 18 0 0 6 0 0 19 6 0 4 7 14 0 21 0 0 0 0
12 24 15 4 15 14 11 3 12 12 8 12 10 12 4 12 12 57 4 15 4 9 9 9
5 0 3 2 0 0 28 0 5 1 0 5 28 5 0 11 1 6 0 3 0 0 0 0
15 19 10 5 11 11 14 5 15 15 8 15 14 15 5 15 15 47 5 10 4 8 8 10
0 0 1 0 0 0 12 0 0 11 0 0 12 15 0 0 11 0 0 1 0 0 0 0
12 21 9 4 9 9 11 4 12 12 11 12 11 12 4 12 12 72 4 9 4 11 11 11
0 3 23 3 0 0 10 0 0 8 0 0 11 5 9 1 8 0 9 23 0 0 0 0
15 20 12 5 12 12 8 3 15 15 7 15 8 15 6 15 15 55 6 12 5 8 8 7
16 0 0 0 0 0 0 0 16 0 0 16 0 0 0 32 0 16 0 0 0 0 0 0
12 21 12 4 12 11 10 3 12 12 9 12 10 13 4 12 12 66 4 12 4 11 10 10
14 3 3 0 0 0 0 0 14 0 0 14 0 0 0 30 0 14 0 3 0 0 0 0
12 24 14 4 14 13 10 6 12 12 10 12 10 12 4 12 12 51 4 14 4 11 10 12
2 3 3 2 0 0 51 0 2 1 0 2 52 43 1 0 1 0 1 3 0 0 0 0
12 21 12 4 12 12 9 7 12 12 10 12 10 12 4 12 12 61 4 12 4 9 9 15
16 3 0 0 0 0 0 0 16 0 0 16 0 0 0 33 0 17 0 0 0 0 0 0
15 16 8 5 8 8 10 1 15 16 8 15 10 15 5 16 15 73 5 8 5 8 8 6
0 4 21 2 0 0 40 0 0 3 4 0 40 17 4 0 5 0 4 21 0 0 0 0
12 20 9 4 9 9 11 6 12 12 11 12 11 12 4 12 12 70 4 9 4 11 11 12
0 0 56 0 0 0 13 0 0 7 0 0 13 0 0 0 7 0 0 56 0 0 0 0
15 18 11 5 11 11 9 4 15 15 8 15 9 15 5 15 15 58 5 11 5 7 8 9
0 17 37 0 0 0 1 0 0 13 0 0 1 13 5 6 13 0 5 37 0 0 0 0
18 16 10 6 10 10 6 5 18 17 7 18 7 18 6 18 17 48 6 10 6 6 6 10
7 0 0 0 0 0 29 0 8 1 0 7 31 0 0 16 1 8 0 0 0 0 0 0
9 24 13 3 13 13 11 5 9 10 11 9 11 9 3 9 9 73 3 13 3 12 11 13
0 3 6 0 0 0 17 0 0 12 0 0 17 17 0 0 12 4 0 6 0 0 0 0
12 20 9 4 9 9 11 1 12 12 10 12 11 12 5 12 12 75 5 9 4 11 11 11
0 19 36 0 0 0 3 0 0 12 0 0 3 12 7 4 12 0 7 36 0 0 0 0
12 20 9 4 10 10 11 5 12 15 10 12 11 12 4 14 15 65 4 10 4 10 10 10
0 8 17 0 0 0 20 0 0 6 1 0 22 7 1 4 7 20 1 17 0 0 0 0
12 22 13 4 13 13 9 7 12 12 9 12 9 12 4 12 12 60 4 13 4 9 9 13
1 8 5 3 0 0 23 0 1 4 0 1 22 8 0 6 4 2 0 5 0 0 0 0
15 19 11 4 11 11 8 6 15 15 8 15 8 15 4 14 15 58 4 11 5 8 8 11
0 1 13 3 0 0 4 0 0 17 0 0 3 4 5 0 17 0 5 13 0 0 0 0
12 20 9 4 10 9 10 1 12 12 10 12 10 12 4 12 12 78 4 10 4 10 10 12
0 0 0 0 0 0 0 0 0 0 0 0 0 0 0 0 0 0 0 0 0 0 0 0
15 17 8 5 8 8 9 0 15 15 9 15 10 15 6 15 15 69 6 8 5 9 9 8
7 8 16 0 0 0 9 0 8 3 0 8 9 5 0 14 3 16 0 16 0 0 0 0
14 19 8 5 8 8 10 1 13 15 9 13 10 13 6 15 15 67 6 8 4 11 11 10
0 0 0 0 0 0 27 0 0 0 0 0 27 16 0 0 0 0 0 0 0 0 0 0
15 19 9 5 9 9 10 2 15 15 9 15 10 15 6 15 15 60 6 9 5 10 11 5
0 3 10 0 0 0 27 0 0 11 0 0 27 3 1 0 11 2 1 10 0 0 0 0
12 20 9 4 9 9 11 1 12 13 10 12 11 12 5 12 12 75 5 9 4 11 11 10
0 14 27 2 0 0 5 0 0 6 0 0 5 14 9 2 6 0 9 27 0 0 0 0
12 21 11 4 11 11 10 5 12 12 11 12 11 12 4 12 12 65 4 11 4 10 10 12
0 0 2 0 0 0 62 0 0 0 0 0 62 0 0 0 0 0 0 1 0 0 0 0
9 24 12 3 12 12 12 6 9 10 11 9 11 9 3 9 9 74 3 12 3 12 12 13
0 7 26 0 0 0 8 0 0 8 0 0 8 7 7 1 8 0 7 26 0 0 0 0
15 18 8 4 8 8 10 2 15 14 9 15 10 15 6 13 13 67 5 8 5 10 10 11
5 9 15 0 0 0 21 0 5 4 0 5 22 6 0 10 4 8 0 14 0 0 0 0
14 19 9 4 9 9 10 5 15 13 10 15 10 15 4 12 12 64 4 9 5 10 10 12
1 1 30 0 0 0 15 0 0 4 0 0 16 5 0 1 4 7 0 31 0 0 0 0
14 19 11 4 11 11 11 3 15 15 8 15 11 14 4 15 15 58 4 11 5 8 8 9
0 1 20 2 0 0 1 0 0 3 0 0 1 1 0 0 3 0 0 20 0 0 0 0
15 19 10 5 10 11 14 4 15 15 9 15 15 15 5 15 15 46 5 10 5 8 8 10
0 0 0 0 0 0 43 0 0 1 0 0 43 0 0 0 0 0 0 0 0 0 0 0
15 18 8 5 9 9 15 5 15 15 9 15 15 15 5 15 15 49 5 9 5 9 9 10
0 0 0 0 0 0 9 0 0 55 0 0 9 58 0 0 55 0 0 0 0 0 0 0
12 21 12 5 12 12 9 2 12 15 7 12 8 12 6 15 15 65 6 12 4 9 9 7
4 2 12 0 0 0 60 0 4 2 0 4 60 21 4 4 2 0 4 12 0 0 0 0
12 20 9 4 9 10 13 6 12 12 7 12 13 15 4 12 12 65 4 9 4 9 10 13
0 1 20 0 0 0 48 0 0 24 0 0 48 60 0 0 25 2 0 20 0 0 0 0
12 22 12 4 12 12 10 6 12 12 10 12 10 12 4 12 12 62 4 12 4 9 10 12
20 0 0 0 0 0 0 0 20 0 0 20 0 0 0 38 0 19 0 0 0 0 0 0
18 15 8 6 7 7 14 4 18 15 8 18 14 18 6 16 15 46 6 8 6 8 8 10
16 0 0 0 0 0 0 0 16 0 0 16 0 0 0 31 0 16 0 0 0 0 0 0
15 18 8 5 8 8 10 4 15 17 9 15 9 15 5 16 17 57 5 8 5 10 10 10
1 3 29 0 0 0 8 0 0 9 0 0 8 9 0 2 9 11 0 29 0 0 0 0
10 20 9 4 9 9 12 2 9 12 10 10 12 11 4 12 12 80 4 9 3 11 11 13
15 0 0 0 0 0 0 0 15 0 0 15 0 0 0 30 0 15 0 0 0 0 0 0
15 16 6 5 6 7 9 2 15 15 9 15 10 15 6 15 15 73 6 6 5 9 9 10
0 14 29 1 0 0 4 0 0 10 0 0 4 12 7 3 10 0 7 29 0 0 0 0
12 23 12 4 12 12 11 6 12 10 11 12 11 12 4 11 11 59 4 12 4 10 11 13
0 6 12 0 0 0 11 0 0 7 2 0 11 8 0 0 7 0 0 13 0 0 0 0
15 16 7 6 8 8 14 4 15 18 8 15 14 15 5 18 18 52 5 8 5 8 8 9
0 0 0 0 0 0 15 0 0 5 0 0 15 23 0 0 15 0 0 0 0 0 0 0
13 21 11 4 11 11 10 5 14 12 10 14 10 14 4 12 12 56 4 11 5 10 10 15
75 0 0 0 0 0 0 0 0 0 0 0 0 0 0 0 0 0 0 0 0 0 0 0
18 16 8 6 8 8 8 4 18 15 9 18 9 18 6 15 15 54 6 8 6 8 8 10
0 8 16 0 0 0 12 0 0 11 0 0 12 17 2 2 11 4 1 16 0 0 0 0
15 19 11 5 11 11 8 3 15 15 8 15 8 15 5 16 15 58 5 11 5 8 8 9
2 12 22 0 0 0 72 0 2 21 0 2 74 9 0 4 14 10 0 23 0 0 0 0
15 19 11 5 11 11 9 5 16 15 8 16 9 16 5 15 15 49 5 11 6 8 8 11
8 0 16 0 0 0 14 0 8 15 0 8 14 22 12 8 15 0 11 16 0 0 0 0
18 16 9 6 8 8 8 4 18 17 8 18 8 18 6 18 18 46 6 9 6 8 8 10
3 7 12 0 0 0 24 0 0 2 1 0 25 6 0 4 2 6 0 12 0 0 0 0
12 20 8 4 8 9 11 1 12 14 10 12 11 12 5 13 13 75 5 8 4 11 11 10
1 0 9 0 0 0 26 0 1 9 0 1 26 30 9 1 9 0 9 10 0 0 0 0
15 17 8 5 8 8 14 5 15 15 7 15 14 17 5 15 15 54 5 8 5 9 9 9
0 0 23 0 0 0 12 0 0 1 0 0 12 1 0 0 1 0 0 25 0 0 0 0
15 19 10 5 10 10 9 2 15 14 9 15 10 15 5 14 14 63 5 10 5 9 9 7
16 0 0 0 0 0 0 0 16 0 0 16 0 0 0 32 0 16 0 0 0 0 0 0
12 20 13 4 11 11 15 4 11 12 6 12 15 15 4 12 12 54 4 14 3 9 9 11
17 0 23 0 0 0 16 0 17 12 0 17 15 18 17 16 12 0 17 23 0 0 0 0
14 21 12 4 12 12 9 1 15 12 8 15 9 14 5 12 12 62 5 12 5 9 9 10
0 0 0 0 0 0 149 0 0 0 0 0 150 0 0 0 0 0 0 0 0 0 0 0
15 19 10 5 10 10 10 2 15 12 9 15 11 16 5 13 13 63 5 10 5 9 9 7
0 16 12 0 0 0 24 0 0 13 0 0 25 24 1 2 13 10 1 12 0 0 0 0
14 19 11 5 11 11 10 3 14 15 8 14 10 15 5 15 15 58 5 11 5 8 8 9
0 0 0 0 0 0 149 0 0 0 0 0 150 0 0 0 0 0 0 0 0 0 0 0
16 16 7 6 7 7 9 2 15 17 8 16 9 16 7 17 17 62 7 7 5 9 9 8
0 0 18 0 0 0 23 0 0 2 0 0 24 14 11 0 1 0 11 18 0 0 0 0
15 19 9 4 9 9 10 5 15 12 10 15 10 15 4 12 12 64 4 9 5 10 10 12
8 11 12 0 0 0 9 0 8 5 0 8 9 7 0 16 5 17 0 12 0 0 0 0
12 20 9 4 9 9 11 2 12 12 11 12 11 12 4 12 12 73 4 9 4 11 11 13
2 3 3 2 0 0 51 0 2 0 0 2 51 45 1 0 0 0 1 3 0 0 0 0
12 22 13 4 13 13 8 6 12 15 8 12 8 12 4 14 14 58 4 13 4 9 8 13
0 2 21 2 0 0 5 0 0 0 0 0 7 0 6 0 0 0 6 21 0 0 0 0
17 18 11 5 10 10 8 5 18 15 8 17 8 17 5 15 15 46 5 11 6 8 8 13
0 0 0 0 0 0 0 0 0 0 0 0 0 0 0 0 0 0 0 0 0 0 0 0
15 20 11 5 11 11 9 5 15 15 9 15 9 15 5 15 15 49 5 11 5 9 9 11
17 0 0 0 0 0 0 0 17 0 0 17 0 0 0 32 0 16 0 0 0 0 0 0
12 20 9 4 9 9 11 1 12 12 10 12 11 12 5 12 12 75 5 9 4 11 11 11
16 0 0 0 0 0 0 0 16 0 0 16 0 0 0 33 0 16 0 0 0 0 0 0
12 20 9 4 9 9 11 4 12 12 11 12 11 12 4 12 12 72 4 9 4 11 11 12
16 0 0 0 0 0 0 0 16 0 0 16 0 0 0 33 0 16 0 0 0 0 0 0
14 17 8 5 8 8 13 4 14 15 9 14 13 14 5 15 15 62 5 8 4 9 9 11
9 10 11 0 0 0 8 0 9 4 0 9 8 6 0 18 4 18 0 11 0 0 0 0
15 17 8 5 8 8 15 4 15 15 9 15 15 15 5 15 15 54 5 8 5 9 9 10
2 3 6 2 0 0 42 0 2 2 0 2 42 33 1 3 2 0 1 6 0 0 0 0
14 20 11 5 11 11 9 4 13 15 8 14 8 14 5 15 15 58 5 11 4 9 9 11
0 0 0 0 0 0 149 0 0 0 0 0 150 0 0 0 0 0 0 0 0 0 0 0
12 21 12 4 12 12 9 3 12 12 9 12 9 12 4 12 12 75 4 12 4 9 9 7
0 7 27 0 0 0 8 1 0 3 0 0 8 4 1 1 3 0 1 27 0 0 0 0
12 20 9 4 9 9 11 2 12 13 10 12 11 12 5 13 13 76 5 9 4 11 11 6
0 11 27 1 0 0 6 0 0 10 0 0 6 15 5 2 10 0 5 26 0 0 0 0
15 19 11 5 11 11 8 5 14 15 8 14 8 14 5 15 15 58 5 11 5 8 8 11
0 10 17 0 0 0 7 0 0 19 0 0 7 22 3 2 18 0 3 17 0 0 0 0
16 17 8 5 8 8 9 4 17 17 9 17 9 16 5 16 17 54 5 8 6 9 9 10
0 13 29 0 0 0 7 0 0 7 0 0 7 11 4 3 7 0 4 30 0 0 0 0
17 17 10 5 10 10 12 3 18 15 7 18 12 17 5 15 15 50 5 10 6 7 7 8
16 0 0 0 0 0 1 0 16 0 0 16 0 0 0 32 0 16 0 0 0 0 0 0
14 21 12 4 12 12 9 3 15 12 9 14 9 14 4 12 12 60 4 12 5 9 9 12
0 15 29 0 0 0 3 0 0 6 0 0 3 7 6 2 6 0 6 29 0 0 0 0
12 21 12 5 12 12 9 2 12 15 7 12 8 12 5 15 15 66 6 12 4 9 9 7
0 0 0 0 0 0 4 0 0 22 0 0 3 15 0 0 22 0 0 0 0 0 0 0
15 19 11 4 11 11 8 6 15 15 8 15 8 15 5 14 14 58 4 11 5 8 8 11
4 37 45 0 0 0 25 0 0 5 0 0 26 5 0 0 5 0 0 46 0 0 0 0
18 16 9 6 9 8 8 4 18 17 8 18 8 18 6 18 17 46 6 9 6 8 8 10
0 0 0 0 0 0 15 0 0 0 0 0 15 9 0 0 0 0 0 0 0 0 0 0
15 17 7 4 7 7 12 0 15 12 10 15 12 15 6 12 12 74 6 7 5 10 11 8
0 1 8 0 0 0 8 2 0 0 0 0 8 0 0 0 0 0 0 8 0 0 0 0
15 20 12 5 12 12 10 4 15 13 8 15 10 15 5 14 13 55 5 12 5 8 8 8
0 7 16 0 0 0 12 0 0 8 0 0 12 4 3 0 8 2 3 16 0 0 0 0
9 23 12 3 12 13 11 7 9 11 11 9 11 9 3 10 10 73 3 12 3 11 11 13
0 0 21 2 0 0 9 0 0 2 0 0 9 4 0 0 2 0 0 21 0 0 0 0
15 17 7 5 8 8 9 1 15 15 9 15 10 15 6 15 15 67 6 7 5 9 9 11
13 13 9 0 0 0 1 0 13 0 0 13 1 2 0 25 0 14 0 9 0 0 0 0
17 17 10 5 10 10 10 4 17 15 4 17 11 20 6 15 15 51 6 10 6 7 7 6
5 5 20 0 0 0 7 0 5 12 0 5 7 11 8 7 12 0 8 20 0 0 0 0
12 20 9 4 9 9 11 1 12 12 10 12 11 12 5 12 12 75 5 9 4 11 11 11
0 3 19 0 0 0 12 0 0 1 0 0 12 1 0 0 1 0 0 19 0 0 0 0
15 19 11 5 10 10 12 3 15 15 8 15 11 15 5 15 15 52 5 11 5 9 9 9
15 1 0 0 0 0 0 0 15 0 0 15 0 0 0 32 0 16 0 0 0 0 0 0
13 19 9 5 9 9 13 4 12 15 9 12 12 12 5 15 15 62 5 9 4 10 10 11
0 0 21 0 0 0 9 0 0 1 0 0 11 6 9 0 1 2 9 21 0 0 0 0
14 21 12 4 12 12 9 4 14 12 9 14 9 14 4 12 12 60 4 12 5 9 9 12
0 2 30 2 0 0 7 0 0 7 0 0 7 9 7 1 7 0 6 30 0 0 0 0
13 19 8 5 8 8 11 1 13 15 9 13 10 13 6 15 15 67 6 8 4 11 11 10
0 9 16 0 0 0 2 0 0 4 0 0 2 5 2 1 4 0 2 16 0 0 0 0
24 10 5 8 5 5 5 2 24 24 3 24 4 24 9 24 24 41 9 5 7 5 5 3
2 10 52 0 0 0 29 0 2 9 0 2 29 9 0 4 2 10 0 52 0 0 0 0
18 15 9 6 8 8 13 3 18 18 6 18 12 18 6 18 18 44 6 9 6 7 7 8
0 16 27 0 0 0 7 0 0 6 0 0 7 9 8 1 6 0 8 27 0 0 0 0
18 16 8 6 7 7 9 2 18 18 8 18 8 18 6 18 18 52 6 7 6 9 9 7
0 10 19 0 0 0 17 0 0 5 0 0 16 6 7 1 5 0 7 19 0 0 0 0
15 20 11 5 11 11 11 5 15 15 9 15 12 16 5 15 15 43 5 11 5 10 9 9
0 0 0 0 0 0 4 0 0 3 0 0 4 18 0 0 12 0 0 0 0 0 0 0
13 19 9 5 9 9 11 5 12 14 10 12 11 12 5 15 14 64 5 9 4 10 10 12
7 6 0 0 0 0 22 0 7 7 0 7 22 7 0 21 7 7 0 0 0 0 0 0
12 23 13 4 13 13 10 5 12 12 9 12 9 12 4 12 12 60 4 13 4 10 10 11
1 0 29 1 0 0 4 0 1 0 0 1 4 0 20 0 0 0 20 29 0 0 0 0
12 20 9 4 9 9 11 3 12 12 11 12 11 12 4 12 12 73 4 9 4 11 11 12
0 6 23 1 0 0 20 0 0 3 0 0 22 8 8 3 3 1 8 24 0 0 0 0
13 21 12 5 12 12 9 6 13 12 9 13 9 13 5 13 12 60 5 12 4 9 9 11
0 2 63 0 0 0 13 0 0 2 0 0 13 2 0 0 2 0 0 63 0 0 0 0
15 20 11 5 11 10 9 4 15 15 9 15 9 15 5 15 15 54 5 11 5 9 9 8
1 10 16 0 0 0 22 0 1 3 0 1 23 7 4 0 4 0 4 17 0 0 0 0
15 19 11 5 11 11 8 3 15 15 8 15 8 15 5 15 16 58 5 11 5 8 8 9
0 1 6 0 0 0 49 0 0 21 3 0 53 23 0 0 26 0 0 6 0 0 0 0
18 16 8 6 8 8 8 4 18 15 9 18 9 18 6 16 15 53 6 8 6 8 8 10
9 6 4 0 0 0 11 0 9 3 0 9 10 5 2 19 3 12 2 4 0 0 0 0
15 15 6 5 6 6 11 0 14 15 5 14 11 16 6 15 15 84 6 6 4 9 9 4
0 0 22 0 0 0 10 0 0 0 0 0 10 0 0 0 0 0 0 22 0 0 0 0
12 22 11 4 11 12 10 3 12 12 10 12 11 12 4 12 12 65 4 11 4 10 10 13
2 4 1 0 0 0 57 0 2 1 0 2 57 19 1 6 1 2 1 1 0 0 0 0
12 22 12 4 12 13 9 5 12 12 10 12 10 12 4 12 12 61 4 12 4 9 9 15
0 2 25 0 0 0 8 0 0 0 0 0 7 2 24 0 0 0 24 26 0 0 0 0
15 20 11 5 11 11 10 3 15 12 9 15 10 15 5 12 12 60 5 11 5 8 9 10
19 0 0 0 0 0 0 0 19 0 0 19 0 0 0 39 0 20 0 0 0 0 0 0
15 16 8 5 8 8 10 1 15 14 6 15 11 17 5 15 15 73 5 8 5 8 8 6
0 4 23 0 0 0 11 0 0 6 0 0 11 11 9 0 6 0 10 23 0 0 0 0
15 20 11 5 11 11 9 5 15 15 9 15 9 15 5 15 15 49 5 11 5 9 9 11
16 0 0 0 0 0 0 0 16 0 0 16 0 0 0 31 0 15 0 0 0 0 0 0
18 18 10 6 10 10 10 3 17 15 8 18 10 18 6 15 15 46 6 10 5 8 8 9
17 0 0 0 0 0 0 0 16 0 0 16 0 0 0 32 0 16 0 0 0 0 0 0
12 20 9 4 9 9 11 2 12 12 11 12 11 12 4 12 12 73 4 9 4 11 11 13
1 5 22 0 0 0 24 0 1 1 0 1 23 9 8 2 1 3 8 21 0 0 0 0
