14 41 7 28 41 28 14 21 14 14 7 14 7 7 7 14 7 7 7
13 51 0 31 51 29 11 27 20 0 0 0 0 0 0 0 0 0 0
14 41 7 27 42 28 14 21 14 14 7 14 7 7 7 14 7 7 7
30 0 0 0 0 0 30 0 0 0 0 0 0 0 0 0 0 0 0
14 41 7 28 41 28 14 21 14 14 7 14 7 7 7 14 7 7 7
0 0 0 0 0 0 0 0 0 0 0 0 0 0 0 0 0 0 0
14 41 7 27 42 28 14 21 14 14 7 14 7 7 7 14 7 7 7
0 0 0 17 0 17 0 0 0 0 0 0 0 0 0 0 0 0 0
14 40 7 28 42 28 14 21 14 14 7 14 7 7 7 14 7 7 7
0 0 0 0 0 0 0 0 0 0 0 0 0 0 0 0 0 0 0
14 41 7 27 42 28 14 21 14 14 7 14 7 7 7 14 7 7 7
55 5 0 0 4 0 55 0 0 0 0 0 0 0 0 0 0 0 0
14 41 7 27 42 28 14 21 14 14 7 14 7 7 7 14 7 7 7
8 0 0 4 0 2 8 0 0 0 0 0 0 0 0 0 0 0 0
14 41 7 27 42 28 14 21 14 14 7 14 7 7 7 14 7 7 7
17 0 0 0 0 0 17 0 0 0 0 0 0 0 0 0 0 0 0
14 41 7 27 42 28 14 21 14 14 7 14 7 7 7 14 7 7 7
17 4 0 10 4 13 17 11 0 0 0 5 0 0 0 0 0 0 0
14 41 7 28 41 28 14 21 14 14 7 14 7 7 7 14 7 7 7
0 0 0 19 0 20 0 0 0 0 0 0 0 0 0 0 0 0 0
14 41 7 27 42 28 14 21 14 14 7 14 7 7 7 14 7 7 7
0 0 0 18 0 16 0 0 0 0 0 0 0 0 0 0 0 0 0
14 41 7 27 42 28 14 21 14 14 7 14 7 7 7 14 7 7 7
29 2 0 2 1 1 29 2 0 0 0 0 0 0 0 0 0 0 0
14 41 7 27 42 28 14 21 14 14 7 14 7 7 7 14 7 7 7
18 0 0 0 0 0 18 0 0 0 0 0 0 0 0 0 0 0 0
14 41 7 27 42 28 14 21 14 14 7 14 7 7 7 14 7 7 7
0 0 0 16 0 16 0 0 0 0 0 0 0 0 0 0 0 0 0
14 40 7 28 42 28 14 21 14 14 7 14 7 7 7 14 7 7 7
2 0 0 12 0 11 2 0 0 0 0 0 0 0 0 0 0 0 0
14 41 7 27 42 28 14 21 14 14 7 14 7 7 7 14 7 7 7
3 0 0 11 0 14 3 0 0 0 0 0 0 0 0 0 0 0 0
14 41 7 28 41 28 14 21 14 14 7 14 7 7 7 14 7 7 7
15 0 0 0 0 0 15 0 0 0 0 0 0 0 0 0 0 0 0
14 41 7 27 42 28 14 21 14 14 7 14 7 7 7 14 7 7 7
15 17 0 7 18 7 15 6 6 0 0 0 0 0 0 0 0 0 0
14 40 7 28 42 28 14 21 14 14 7 14 7 7 7 14 7 7 7
0 0 0 0 0 0 0 0 0 0 0 0 0 0 0 0 0 0 0
14 41 7 28 41 28 14 21 14 14 7 14 7 7 7 14 7 7 7
0 8 0 0 12 0 0 0 0 0 0 0 0 0 0 0 0 0 0
14 41 7 27 42 28 14 21 14 14 7 14 7 7 7 14 7 7 7
19 0 0 0 0 0 19 0 0 0 0 0 0 0 0 0 0 0 0
14 41 7 27 42 28 14 21 14 14 7 14 7 7 7 14 7 7 7
25 30 0 15 30 16 25 18 8 0 0 0 0 0 0 0 0 0 0
14 41 7 28 41 28 14 21 14 14 7 14 7 7 7 14 7 7 7
13 34 0 18 34 21 15 2 10 0 0 0 0 0 0 0 0 0 0
14 41 7 27 42 28 14 21 14 14 7 14 7 7 7 14 7 7 7
14 3 0 3 0 3 14 0 0 0 0 0 0 0 0 0 0 0 0
14 41 7 27 42 28 14 21 14 14 7 14 7 7 7 14 7 7 7
59 9 0 6 9 5 58 4 3 0 24 0 24 24 0 0 0 0 0
14 41 7 28 41 28 14 21 14 14 7 14 7 7 7 14 7 7 7
5 23 0 0 24 0 5 0 0 0 0 0 0 0 0 0 0 0 0
14 41 7 27 42 28 14 21 14 14 7 14 7 7 7 14 7 7 7
0 0 0 17 0 17 0 0 0 0 0 0 0 0 0 0 0 0 0
14 41 7 27 42 28 14 21 14 14 7 14 7 7 7 14 7 7 7
17 2 0 1 2 1 17 0 0 0 0 0 0 0 0 0 0 0 0
14 41 7 27 42 28 14 21 14 14 7 14 7 7 7 14 7 7 7
26 17 0 18 17 14 24 10 1 1 0 0 0 0 0 0 0 0 0
14 41 7 28 41 28 14 21 14 14 7 14 7 7 7 14 7 7 7
11 19 0 1 11 1 11 0 0 0 0 0 0 0 0 0 0 0 0
14 41 7 27 42 28 14 21 14 14 7 14 7 7 7 14 7 7 7
4 0 0 4 0 4 4 0 0 0 0 0 0 0 0 0 0 0 0
14 41 7 27 42 28 14 21 14 14 7 14 7 7 7 14 7 7 7
30 3 0 0 1 0 30 0 0 0 0 1 0 0 0 0 0 0 0
14 40 7 28 42 28 14 21 14 14 7 14 7 7 7 14 7 7 7
22 6 0 5 6 5 22 0 0 0 0 0 0 0 0 0 0 0 0
14 41 7 27 42 28 14 21 14 14 7 14 7 7 7 14 7 7 7
0 0 0 0 0 0 0 0 0 0 0 0 0 0 0 0 0 0 0
14 41 7 28 41 28 14 21 14 14 7 14 7 7 7 14 7 7 7
21 0 0 0 0 0 21 0 0 0 0 0 0 0 0 0 0 0 0
14 41 7 27 42 28 14 21 14 14 7 14 7 7 7 14 7 7 7
20 0 0 0 0 0 20 0 0 0 0 0 0 0 0 0 0 0 0
14 41 7 28 41 28 14 21 14 14 7 14 7 7 7 14 7 7 7
0 21 0 0 22 0 0 0 0 0 0 0 0 0 0 0 0 0 0
14 41 7 28 41 28 14 21 14 14 7 14 7 7 7 14 7 7 7
24 6 0 0 6 0 24 0 0 0 0 0 0 0 0 0 0 0 0
14 41 7 28 41 28 14 21 14 14 7 14 7 7 7 14 7 7 7
43 3 0 0 1 0 44 0 0 0 0 0 0 0 0 0 0 0 0
14 41 7 28 41 28 14 21 14 14 7 14 7 7 7 14 7 7 7
0 0 0 18 0 19 0 0 0 0 0 0 0 0 0 0 0 0 0
14 41 7 27 42 28 14 21 14 14 7 14 7 7 7 14 7 7 7
0 0 0 0 0 0 0 0 0 0 0 0 0 0 0 0 0 0 0
14 41 7 27 42 28 14 21 14 14 7 14 7 7 7 14 7 7 7
3 0 0 17 0 16 3 0 0 0 0 0 0 0 0 0 0 0 0
14 41 7 27 42 28 14 21 14 14 7 14 7 7 7 14 7 7 7
31 0 0 0 0 0 31 0 0 0 0 0 0 0 0 0 0 0 0
14 41 7 27 42 28 14 21 14 14 7 14 7 7 7 14 7 7 7
0 0 0 17 0 17 0 0 0 0 0 0 0 0 0 0 0 0 0
14 41 7 27 42 28 14 21 14 14 7 14 7 7 7 14 7 7 7
16 0 0 0 0 0 16 0 0 0 0 0 0 0 0 0 0 0 0
14 41 7 27 42 28 14 21 14 14 7 14 7 7 7 14 7 7 7
0 0 0 12 0 15 0 0 0 0 0 0 0 0 0 0 0 0 0
14 41 7 27 42 28 14 21 14 14 7 14 7 7 7 14 7 7 7
4 1 0 0 1 0 4 0 0 0 0 0 0 0 0 0 0 0 0
14 41 7 27 42 28 14 21 14 14 7 14 7 7 7 14 7 7 7
2 0 0 5 0 7 2 0 0 0 0 0 0 0 0 0 0 0 0
14 40 7 28 42 28 14 21 14 14 7 14 7 7 7 14 7 7 7
37 0 0 0 0 0 37 0 0 0 0 0 0 0 0 0 0 0 0
14 40 7 28 42 28 14 21 14 14 7 14 7 7 7 14 7 7 7
15 4 0 2 4 2 15 0 0 1 0 0 0 0 0 0 0 0 0
14 40 7 28 42 28 14 21 14 14 7 14 7 7 7 14 7 7 7
3 0 0 0 0 0 3 0 0 0 0 0 0 0 0 0 0 0 0
14 40 7 28 42 28 14 21 14 14 7 14 7 7 7 14 7 7 7
9 6 0 1 2 1 9 0 0 0 0 0 0 0 0 0 0 0 0
14 41 7 27 42 28 14 21 14 14 7 14 7 7 7 14 7 7 7
0 0 0 16 0 16 0 0 0 0 0 0 0 0 0 0 0 0 0
14 41 7 27 42 28 14 21 14 14 7 14 7 7 7 14 7 7 7
5 5 0 2 5 2 5 0 0 0 0 0 0 0 0 0 0 0 0
14 41 7 27 42 28 14 21 14 14 7 14 7 7 7 14 7 7 7
0 0 0 0 0 0 0 0 0 0 0 0 0 0 0 0 0 0 0
14 41 7 27 42 28 14 21 14 14 7 14 7 7 7 14 7 7 7
37 0 0 0 0 0 37 0 0 0 0 0 0 0 0 0 0 0 0
14 41 7 28 41 28 14 21 14 14 7 14 7 7 7 14 7 7 7
11 0 0 6 0 4 11 0 0 0 0 0 0 0 0 0 0 0 0
14 41 7 28 41 28 14 21 14 14 7 14 7 7 7 14 7 7 7
18 0 0 5 0 5 18 0 0 0 0 0 0 0 0 0 0 0 0
14 41 7 27 42 28 14 21 14 14 7 14 7 7 7 14 7 7 7
0 0 0 0 0 0 0 0 0 0 0 0 0 0 0 0 0 0 0
14 40 7 28 42 28 14 21 14 14 7 14 7 7 7 14 7 7 7
8 1 0 1 6 0 7 0 0 0 0 0 0 0 0 0 0 0 0
14 41 7 27 42 28 14 21 14 14 7 14 7 7 7 14 7 7 7
0 0 0 0 0 0 0 0 0 0 0 0 0 0 0 0 0 0 0
14 41 7 27 42 28 14 21 14 14 7 14 7 7 7 14 7 7 7
14 4 0 0 5 0 14 0 0 0 0 0 0 0 0 0 0 0 0
14 41 7 28 41 28 14 21 14 14 7 14 7 7 7 14 7 7 7
10 4 0 1 3 1 10 0 0 0 0 0 0 0 0 0 0 0 0
14 40 7 28 42 28 14 21 14 14 7 14 7 7 7 14 7 7 7
0 0 0 8 0 11 0 0 0 0 0 0 0 0 0 0 0 0 0
14 40 7 28 42 28 14 21 14 14 7 14 7 7 7 14 7 7 7
6 20 0 3 23 3 6 0 0 0 0 0 0 0 0 0 0 0 0
14 41 7 28 41 28 14 21 14 14 7 14 7 7 7 14 7 7 7
0 0 0 15 0 16 0 0 0 0 0 0 0 0 0 0 0 0 0
14 41 7 27 42 28 14 21 14 14 7 14 7 7 7 14 7 7 7
10 35 0 25 35 21 8 20 6 5 0 0 0 0 0 0 0 0 0
14 40 7 28 42 28 14 21 14 14 7 14 7 7 7 14 7 7 7
14 14 0 9 14 9 14 6 3 3 0 0 0 0 0 0 0 0 0
14 41 7 27 42 28 14 21 14 14 7 14 7 7 7 14 7 7 7
0 0 0 17 0 16 0 0 0 0 0 0 0 0 0 0 0 0 0
14 41 7 27 42 28 14 21 14 14 7 14 7 7 7 14 7 7 7
0 0 0 0 0 0 0 0 0 0 0 0 0 0 0 0 0 0 0
14 41 7 27 42 28 14 21 14 14 7 14 7 7 7 14 7 7 7
37 0 0 0 0 0 38 0 0 0 0 0 0 0 0 0 0 0 0
14 41 7 28 41 28 14 21 14 14 7 14 7 7 7 14 7 7 7
8 0 0 1 0 1 8 0 0 0 0 0 0 0 0 0 0 0 0
14 40 7 28 42 28 14 21 14 14 7 14 7 7 7 14 7 7 7
2 18 0 1 20 1 2 0 0 0 0 0 0 0 0 0 0 0 0
14 41 7 27 42 28 14 21 14 14 7 14 7 7 7 14 7 7 7
18 1 0 1 2 2 19 3 0 0 1 1 1 1 0 0 0 0 0
14 41 7 27 42 28 14 21 14 14 7 14 7 7 7 14 7 7 7
28 0 0 1 0 1 28 0 0 0 0 0 0 0 0 0 0 0 0
14 40 7 28 42 28 14 21 14 14 7 14 7 7 7 14 7 7 7
14 0 0 2 0 4 14 0 0 0 0 0 0 0 0 0 0 0 0
14 40 7 28 42 28 14 21 14 14 7 14 7 7 7 14 7 7 7
0 0 0 16 0 16 0 0 0 0 0 0 0 0 0 0 0 0 0
14 41 7 27 42 28 14 21 14 14 7 14 7 7 7 14 7 7 7
0 0 0 15 0 16 0 0 0 0 0 0 0 0 0 0 0 0 0
14 41 7 27 42 28 14 21 14 14 7 14 7 7 7 14 7 7 7
0 0 0 0 0 0 0 0 0 0 0 0 0 0 0 0 0 0 0
14 41 7 27 42 28 14 21 14 14 7 14 7 7 7 14 7 7 7
19 4 0 10 4 9 18 3 0 0 0 0 0 0 0 0 0 0 0
14 41 7 27 42 28 14 21 14 14 7 14 7 7 7 14 7 7 7
12 0 0 3 0 5 12 0 0 0 0 0 0 0 0 0 0 0 0
14 40 7 28 42 28 14 21 14 14 7 14 7 7 7 14 7 7 7
9 0 0 2 0 1 9 0 0 0 0 0 0 0 0 0 0 0 0
14 41 7 28 41 28 14 21 14 14 7 14 7 7 7 14 7 7 7
0 0 0 17 0 16 0 0 0 0 0 0 0 0 0 0 0 0 0
14 40 7 28 42 28 14 21 14 14 7 14 7 7 7 14 7 7 7
10 0 0 10 0 7 10 0 0 0 0 0 0 0 0 0 0 0 0
14 41 7 27 42 28 14 21 14 14 7 14 7 7 7 14 7 7 7
3 0 0 14 0 17 3 0 0 0 0 0 0 0 0 0 0 0 0
14 41 7 27 42 28 14 21 14 14 7 14 7 7 7 14 7 7 7
0 0 0 17 0 16 0 0 0 0 0 0 0 0 0 0 0 0 0
14 41 7 27 42 28 14 21 14 14 7 14 7 7 7 14 7 7 7
30 21 0 0 21 0 30 0 0 0 0 0 0 0 0 0 0 0 0
14 41 7 28 41 28 14 21 14 14 7 14 7 7 7 14 7 7 7
1 0 0 0 0 0 1 0 0 0 0 0 0 0 0 0 0 0 0
14 40 7 28 42 28 14 21 14 14 7 14 7 7 7 14 7 7 7
14 15 0 8 16 8 14 3 4 0 0 0 0 0 0 0 0 0 0
14 41 7 27 42 28 14 21 14 14 7 14 7 7 7 14 7 7 7
6 12 0 5 10 2 6 3 2 0 1 2 1 1 0 0 0 0 0
14 41 7 27 42 28 14 21 14 14 7 14 7 7 7 14 7 7 7
17 0 0 1 0 1 17 0 0 0 0 0 0 0 0 0 0 0 0
14 41 7 28 41 28 14 21 14 14 7 14 7 7 7 14 7 7 7
0 0 0 19 0 16 0 0 0 0 0 0 0 0 0 0 0 0 0
14 41 7 28 41 28 14 21 14 14 7 14 7 7 7 14 7 7 7
22 0 0 11 0 7 22 0 0 0 0 0 0 0 0 0 0 0 0
14 41 7 27 42 28 14 21 14 14 7 14 7 7 7 14 7 7 7
10 11 0 9 13 7 8 2 5 0 0 0 0 0 0 0 0 0 0
14 41 7 27 42 28 14 21 14 14 7 14 7 7 7 14 7 7 7
0 0 0 16 0 16 0 0 0 0 0 0 0 0 0 0 0 0 0
14 41 7 27 42 28 14 21 14 14 7 14 7 7 7 14 7 7 7
0 0 0 0 0 0 0 0 0 0 0 0 0 0 0 0 0 0 0
14 41 7 27 42 28 14 21 14 14 7 14 7 7 7 14 7 7 7
19 7 0 0 1 0 19 0 0 0 0 0 0 0 0 0 0 0 0
14 41 7 28 41 28 14 21 14 14 7 14 7 7 7 14 7 7 7
15 0 0 0 0 0 15 0 0 0 0 0 0 0 0 0 0 0 0
14 41 7 28 41 28 14 21 14 14 7 14 7 7 7 14 7 7 7
9 0 0 5 1 7 9 0 0 0 0 0 0 0 0 0 0 0 0
14 40 7 28 42 28 14 21 14 14 7 14 7 7 7 14 7 7 7
18 0 0 0 0 0 18 0 0 0 0 0 0 0 0 0 0 0 0
