-8.373107667086985770e-03
-2.178868799599412305e+05
2.178869799599412072e+05
-2.606454072526099917e+05
2.606455072526099684e+05
-2.367491080620407010e+05
2.367492080620406778e+05
-2.694797092565373750e+05
2.694798092565373518e+05
-1.755596756248970923e+05
1.755597756248970691e+05
-2.558264972979649901e+05
2.558265972979649669e+05
-1.760974677287399245e+05
1.760975677287399012e+05
-2.211351590580038028e+05
2.211352590580037795e+05
-5.781740148860069894e+04
5.781750148860070476e+04
-1.349013822377011529e+05
1.349014822377011296e+05
-2.464196849213116511e+05
2.464197849213116278e+05
-2.317089031967776828e+05
2.317090031967776595e+05
