7.000000000000000000e+00
-2.459042851021140397e+00
-2.459042851021140397e+00
2.535521091812049654e+00
2.535521091812049654e+00
-2.597824090659001772e+00
-2.597824090659001772e+00
2.617012785017245324e+00
2.617012785017245324e+00
-2.672033452844324586e+00
-2.672033452844324586e+00
2.772299706131086783e+00
2.772299706131086783e+00
3.804896033427417557e+00
3.804896033427417557e+00
4.004299508166495158e+00
4.004299508166495158e+00
4.203312238177689508e+00
4.203312238177689508e+00
-4.408516966901299128e+00
-4.408516966901299128e+00
-4.457725197875417322e+00
-4.457725197875417322e+00
-4.565699968060215497e+00
-4.565699968060215497e+00
