0.000000000000000000e+00
-4.169256400239777088e-02
9.742971782109668705e-04
9.742971782109688221e-04
9.742971782109680632e-04
9.742971782109684968e-04
9.742971782109787968e-04
0.000000000000000000e+00
0.000000000000000000e+00
0.000000000000000000e+00
9.742971782110147923e-04
-8.338512800479554177e-02
0.000000000000000000e+00
-1.250776920071933473e-01
-4.169256400239777088e-02
-4.169256400239777088e-02
9.742971782109667621e-04
9.742971782109675211e-04
-4.169256400239777088e-02
0.000000000000000000e+00
0.000000000000000000e+00
0.000000000000000000e+00
0.000000000000000000e+00
0.000000000000000000e+00
0.000000000000000000e+00
0.000000000000000000e+00
0.000000000000000000e+00
0.000000000000000000e+00
0.000000000000000000e+00
0.000000000000000000e+00
0.000000000000000000e+00
0.000000000000000000e+00
0.000000000000000000e+00
0.000000000000000000e+00
0.000000000000000000e+00
0.000000000000000000e+00
0.000000000000000000e+00
0.000000000000000000e+00
0.000000000000000000e+00
0.000000000000000000e+00
0.000000000000000000e+00
0.000000000000000000e+00
0.000000000000000000e+00
0.000000000000000000e+00
0.000000000000000000e+00
0.000000000000000000e+00
0.000000000000000000e+00
0.000000000000000000e+00
0.000000000000000000e+00
0.000000000000000000e+00
0.000000000000000000e+00
0.000000000000000000e+00
