0 1 236 219 85 280 29 0 0 0 1 2 0 3 1 1 7 133 1 0 0 0 0 0 0 0 0 0 0 0 0 0 0 0 0 0 0 0 0 0 0 0 0 0 0 0 0 0 0 0 0 0 5829_77
0 1 226 210 61 308 29 0 0 0 1 2 0 3 1 1 7 148 1 0 0 0 0 0 0 0 0 0 0 0 0 0 0 0 0 0 0 0 0 0 0 0 0 0 0 0 0 0 0 0 0 0 14627_24
0 1 235 215 80 287 29 0 0 0 1 2 0 3 1 1 6 137 1 0 0 0 0 0 0 0 0 0 0 0 0 0 0 0 0 0 0 0 0 0 0 0 0 0 0 0 0 0 0 0 0 0 6911_98
0 1 237 220 85 278 29 0 0 0 1 2 0 3 1 1 7 133 1 0 0 0 0 0 0 0 0 0 0 0 0 0 0 0 0 0 0 0 0 0 0 0 0 0 0 0 0 0 0 0 0 0 2103_98
0 1 238 217 80 283 29 0 0 0 1 2 0 3 1 1 7 135 1 0 0 0 0 0 0 0 0 0 0 0 0 0 0 0 0 0 0 0 0 0 0 0 0 0 0 0 0 0 0 0 0 0 7050_6
0 1 234 221 87 279 29 0 0 0 1 2 0 3 1 1 6 133 1 0 0 0 0 0 0 0 0 0 0 0 0 0 0 0 0 0 0 0 0 0 0 0 0 0 0 0 0 0 0 0 0 0 17316_35
0 1 225 213 68 302 29 0 0 0 1 2 0 3 1 1 7 145 1 0 0 0 0 0 0 0 0 0 0 0 0 0 0 0 0 0 0 0 0 0 0 0 0 0 0 0 0 0 0 0 0 0 14228_4
0 1 231 207 61 307 29 0 0 0 1 2 0 3 1 1 7 147 1 0 0 0 0 0 0 0 0 0 0 0 0 0 0 0 0 0 0 0 0 0 0 0 0 0 0 0 0 0 0 0 0 0 10934_36
0 1 239 222 93 271 29 0 0 0 1 2 0 3 1 1 6 129 1 0 0 0 0 0 0 0 0 0 0 0 0 0 0 0 0 0 0 0 0 0 0 0 0 0 0 0 0 0 0 0 0 0 17814_48
0 1 226 211 62 307 29 0 0 0 1 2 0 3 1 1 7 147 1 0 0 0 0 0 0 0 0 0 0 0 0 0 0 0 0 0 0 0 0 0 0 0 0 0 0 0 0 0 0 0 0 0 14611_72
0 1 233 218 81 285 29 0 0 0 1 2 0 3 1 1 7 136 1 0 0 0 0 0 0 0 0 0 0 0 0 0 0 0 0 0 0 0 0 0 0 0 0 0 0 0 0 0 0 0 0 0 10478_53
0 1 234 212 66 299 29 0 0 0 1 2 0 3 1 1 6 143 1 0 0 0 0 0 0 0 0 0 0 0 0 0 0 0 0 0 0 0 0 0 0 0 0 0 0 0 0 0 0 0 0 0 1283_46
0 1 234 220 85 280 29 0 0 0 1 2 0 3 1 1 7 134 1 0 0 0 0 0 0 0 0 0 0 0 0 0 0 0 0 0 0 0 0 0 0 0 0 0 0 0 0 0 0 0 0 0 6411_38
0 3 242 228 96 273 30 1 3 0 1 4 1 3 1 1 7 129 1 0 0 0 0 0 0 0 0 0 0 0 0 0 0 0 0 0 0 0 0 0 0 0 0 0 0 0 0 0 0 0 0 0 4795_1
0 1 235 216 81 285 29 0 0 0 1 2 0 3 1 1 7 136 1 0 0 0 0 0 0 0 0 0 0 0 0 0 0 0 0 0 0 0 0 0 0 0 0 0 0 0 0 0 0 0 0 0 18437_42
0 1 242 215 81 280 30 0 0 0 1 2 0 3 1 1 7 134 1 0 0 0 0 0 0 0 0 0 0 0 0 0 0 0 0 0 0 0 0 0 0 0 0 0 0 0 0 0 0 0 0 0 8342_79
0 1 234 218 79 286 29 0 0 0 1 2 0 3 1 1 7 136 1 0 0 0 0 0 0 0 0 0 0 0 0 0 0 0 0 0 0 0 0 0 0 0 0 0 0 0 0 0 0 0 0 0 16565_55
0 1 241 219 86 276 29 0 0 0 1 2 0 3 1 1 6 132 1 0 0 0 0 0 0 0 0 0 0 0 0 0 0 0 0 0 0 0 0 0 0 0 0 0 0 0 0 0 0 0 0 0 9566_78
0 1 247 215 82 277 30 0 0 0 1 2 0 3 1 1 6 132 1 0 0 0 0 0 0 0 0 0 0 0 0 0 0 0 0 0 0 0 0 0 0 0 0 0 0 0 0 0 0 0 0 0 559_85
0 1 235 217 80 285 29 0 0 0 1 2 0 3 1 1 7 136 1 0 0 0 0 0 0 0 0 0 0 0 0 0 0 0 0 0 0 0 0 0 0 0 0 0 0 0 0 0 0 0 0 0 6610_27
0 1 237 208 61 301 30 0 0 0 1 2 0 3 1 1 8 144 1 0 0 0 0 0 0 0 0 0 0 0 0 0 0 0 0 0 0 0 0 0 0 0 0 0 0 0 0 0 0 0 0 0 4ea35ca7ed4270f416e20a64ce6f9430_87
0 1 240 219 86 277 29 0 0 0 1 2 0 3 1 1 6 132 1 0 0 0 0 0 0 0 0 0 0 0 0 0 0 0 0 0 0 0 0 0 0 0 0 0 0 0 0 0 0 0 0 0 15220_98
0 1 226 212 64 305 29 0 0 0 1 2 0 3 1 1 7 146 1 0 0 0 0 0 0 0 0 0 0 0 0 0 0 0 0 0 0 0 0 0 0 0 0 0 0 0 0 0 0 0 0 0 12021_10
1 3 270 272 103 312 30 1 3 1 1 4 1 3 1 1 7 130 1 0 0 0 0 0 0 0 0 0 0 0 0 0 0 0 0 0 0 0 0 0 0 0 0 0 0 0 0 0 0 0 0 0 9245_1
0 1 236 223 91 273 29 0 0 0 1 2 0 3 1 1 7 130 1 0 0 0 0 0 0 0 0 0 0 0 0 0 0 0 0 0 0 0 0 0 0 0 0 0 0 0 0 0 0 0 0 0 13316_16
0 1 242 216 82 279 30 0 0 0 1 2 0 3 1 1 7 133 1 0 0 0 0 0 0 0 0 0 0 0 0 0 0 0 0 0 0 0 0 0 0 0 0 0 0 0 0 0 0 0 0 0 5839_87
0 1 236 216 82 283 29 0 0 0 1 2 0 3 1 1 8 135 1 0 0 0 0 0 0 0 0 0 0 0 0 0 0 0 0 0 0 0 0 0 0 0 0 0 0 0 0 0 0 0 0 0 4eb6262331ca641b2ad821a76cc62810_98
0 1 233 224 91 275 29 0 0 0 1 2 0 3 1 1 6 131 1 0 0 0 0 0 0 0 0 0 0 0 0 0 0 0 0 0 0 0 0 0 0 0 0 0 0 0 0 0 0 0 0 0 583_8
0 1 239 213 75 288 30 0 0 0 1 2 0 3 1 1 7 137 1 0 0 0 0 0 0 0 0 0 0 0 0 0 0 0 0 0 0 0 0 0 0 0 0 0 0 0 0 0 0 0 0 0 12402_36
0 1 242 220 88 272 30 0 0 0 1 2 0 3 1 1 7 130 1 0 0 0 0 0 0 0 0 0 0 0 0 0 0 0 0 0 0 0 0 0 0 0 0 0 0 0 0 0 0 0 0 0 4345_98
0 1 238 222 90 273 29 0 0 0 1 2 0 3 1 1 7 130 1 0 0 0 0 0 0 0 0 0 0 0 0 0 0 0 0 0 0 0 0 0 0 0 0 0 0 0 0 0 0 0 0 0 7617_13
0 1 238 220 86 277 29 0 0 0 1 2 0 3 1 1 7 132 1 0 0 0 0 0 0 0 0 0 0 0 0 0 0 0 0 0 0 0 0 0 0 0 0 0 0 0 0 0 0 0 0 0 14151_98
0 1 238 220 86 278 29 0 0 0 1 2 0 3 1 1 6 132 1 0 0 0 0 0 0 0 0 0 0 0 0 0 0 0 0 0 0 0 0 0 0 0 0 0 0 0 0 0 0 0 0 0 3966_98
0 1 238 219 86 277 30 0 0 0 1 2 0 3 1 1 7 132 1 0 0 0 0 0 0 0 0 0 0 0 0 0 0 0 0 0 0 0 0 0 0 0 0 0 0 0 0 0 0 0 0 0 1321_35
0 1 231 216 73 293 29 0 0 0 1 2 0 3 1 1 7 140 1 0 0 0 0 0 0 0 0 0 0 0 0 0 0 0 0 0 0 0 0 0 0 0 0 0 0 0 0 0 0 0 0 0 13870_21
0 1 246 217 86 273 30 0 0 0 1 2 0 3 1 1 7 130 1 0 0 0 0 0 0 0 0 0 0 0 0 0 0 0 0 0 0 0 0 0 0 0 0 0 0 0 0 0 0 0 0 0 563_98
0 1 235 218 79 285 29 0 0 0 1 2 0 3 1 1 7 136 1 0 0 0 0 0 0 0 0 0 0 0 0 0 0 0 0 0 0 0 0 0 0 0 0 0 0 0 0 0 0 0 0 0 12469_98
0 1 227 209 59 310 29 0 0 0 1 2 0 3 1 1 7 148 1 0 0 0 0 0 0 0 0 0 0 0 0 0 0 0 0 0 0 0 0 0 0 0 0 0 0 0 0 0 0 0 0 0 688_78
0 1 234 217 79 286 29 0 0 0 1 2 0 3 1 1 7 137 1 0 0 0 0 0 0 0 0 0 0 0 0 0 0 0 0 0 0 0 0 0 0 0 0 0 0 0 0 0 0 0 0 0 10444_36