0 1 248 231 114 244 29 0 0 0 1 2 0 3 1 1 7 116 1 0 0 0 0 0 0 0 0 0 0 0 0 0 0 0 0 0 0 0 0 0 0 0 0 0 0 0 0 0 0 0 0 0 17058_73
0 1 248 231 114 244 29 0 0 0 1 2 0 3 1 1 7 116 1 0 0 0 0 0 0 0 0 0 0 0 0 0 0 0 0 0 0 0 0 0 0 0 0 0 0 0 0 0 0 0 0 0 11337_2
0 1 242 221 93 268 30 0 0 0 1 2 0 3 1 1 7 128 1 0 0 0 0 0 0 0 0 0 0 0 0 0 0 0 0 0 0 0 0 0 0 0 0 0 0 0 0 0 0 0 0 0 12465_98
0 1 242 228 106 256 29 0 0 0 1 2 0 3 1 1 7 121 1 0 0 0 0 0 0 0 0 0 0 0 0 0 0 0 0 0 0 0 0 0 0 0 0 0 0 0 0 0 0 0 0 0 16233_15
0 1 241 225 96 265 29 0 0 0 1 2 0 3 1 1 7 126 1 0 0 0 0 0 0 0 0 0 0 0 0 0 0 0 0 0 0 0 0 0 0 0 0 0 0 0 0 0 0 0 0 0 12381_98
0 1 250 230 112 245 29 0 0 0 1 2 0 3 1 1 7 116 1 0 0 0 0 0 0 0 0 0 0 0 0 0 0 0 0 0 0 0 0 0 0 0 0 0 0 0 0 0 0 0 0 0 3520_55
0 1 242 224 96 265 29 0 0 0 1 2 0 3 1 1 7 126 1 0 0 0 0 0 0 0 0 0 0 0 0 0 0 0 0 0 0 0 0 0 0 0 0 0 0 0 0 0 0 0 0 0 731_63
0 1 242 224 96 265 29 0 0 0 1 2 0 3 1 1 7 126 1 0 0 0 0 0 0 0 0 0 0 0 0 0 0 0 0 0 0 0 0 0 0 0 0 0 0 0 0 0 0 0 0 0 15564_98
0 1 242 226 100 261 29 0 0 0 1 2 0 3 1 1 7 124 1 0 0 0 0 0 0 0 0 0 0 0 0 0 0 0 0 0 0 0 0 0 0 0 0 0 0 0 0 0 0 0 0 0 8569_82
0 1 242 224 97 265 29 0 0 0 1 2 0 3 1 1 6 126 1 0 0 0 0 0 0 0 0 0 0 0 0 0 0 0 0 0 0 0 0 0 0 0 0 0 0 0 0 0 0 0 0 0 7960_21
0 1 249 232 117 241 29 0 0 0 1 2 0 3 1 1 7 114 1 0 0 0 0 0 0 0 0 0 0 0 0 0 0 0 0 0 0 0 0 0 0 0 0 0 0 0 0 0 0 0 0 0 10935_98
0 1 245 232 115 246 29 0 0 0 1 2 0 3 1 1 6 116 1 0 0 0 0 0 0 0 0 0 0 0 0 0 0 0 0 0 0 0 0 0 0 0 0 0 0 0 0 0 0 0 0 0 12732_16
0 1 250 228 106 251 29 0 0 0 1 2 0 3 1 1 6 119 1 0 0 0 0 0 0 0 0 0 0 0 0 0 0 0 0 0 0 0 0 0 0 0 0 0 0 0 0 0 0 0 0 0 7793_62
0 1 235 233 111 254 29 0 0 0 1 2 0 3 1 1 6 121 1 0 0 0 0 0 0 0 0 0 0 0 0 0 0 0 0 0 0 0 0 0 0 0 0 0 0 0 0 0 0 0 0 0 14878_3
0 1 244 225 99 261 29 0 0 0 1 2 0 3 1 1 7 124 1 0 0 0 0 0 0 0 0 0 0 0 0 0 0 0 0 0 0 0 0 0 0 0 0 0 0 0 0 0 0 0 0 0 9995_55
0 1 243 222 97 264 30 0 0 0 1 2 0 3 1 1 7 126 1 0 0 0 0 0 0 0 0 0 0 0 0 0 0 0 0 0 0 0 0 0 0 0 0 0 0 0 0 0 0 0 0 0 16701_50
0 1 251 221 94 262 30 0 0 0 1 2 0 3 1 1 7 124 1 0 0 0 0 0 0 0 0 0 0 0 0 0 0 0 0 0 0 0 0 0 0 0 0 0 0 0 0 0 0 0 0 0 405_98
0 1 247 230 110 248 29 0 0 0 1 2 0 3 1 1 7 118 1 0 0 0 0 0 0 0 0 0 0 0 0 0 0 0 0 0 0 0 0 0 0 0 0 0 0 0 0 0 0 0 0 0 11340_62
0 1 241 222 94 268 29 0 0 0 1 2 0 3 1 1 7 128 1 0 0 0 0 0 0 0 0 0 0 0 0 0 0 0 0 0 0 0 0 0 0 0 0 0 0 0 0 0 0 0 0 0 12343_98
0 1 241 224 96 266 29 0 0 0 1 2 0 3 1 1 6 127 1 0 0 0 0 0 0 0 0 0 0 0 0 0 0 0 0 0 0 0 0 0 0 0 0 0 0 0 0 0 0 0 0 0 11983_92
0 1 250 225 104 254 29 0 0 0 1 2 0 3 1 1 7 120 1 0 0 0 0 0 0 0 0 0 0 0 0 0 0 0 0 0 0 0 0 0 0 0 0 0 0 0 0 0 0 0 0 0 424_98
0 1 243 226 101 260 29 0 0 0 1 2 0 3 1 1 7 123 1 0 0 0 0 0 0 0 0 0 0 0 0 0 0 0 0 0 0 0 0 0 0 0 0 0 0 0 0 0 0 0 0 0 8426_98
0 1 242 223 93 267 30 0 0 0 1 2 0 3 1 1 7 127 1 0 0 0 0 0 0 0 0 0 0 0 0 0 0 0 0 0 0 0 0 0 0 0 0 0 0 0 0 0 0 0 0 0 11543_98
0 1 244 222 96 264 30 0 0 0 1 2 0 3 1 1 7 126 1 0 0 0 0 0 0 0 0 0 0 0 0 0 0 0 0 0 0 0 0 0 0 0 0 0 0 0 0 0 0 0 0 0 562_98
0 1 241 224 96 266 29 0 0 0 1 2 0 3 1 1 7 126 1 0 0 0 0 0 0 0 0 0 0 0 0 0 0 0 0 0 0 0 0 0 0 0 0 0 0 0 0 0 0 0 0 0 15540_70
0 1 248 235 122 236 29 0 0 0 1 2 0 3 1 1 7 112 1 0 0 0 0 0 0 0 0 0 0 0 0 0 0 0 0 0 0 0 0 0 0 0 0 0 0 0 0 0 0 0 0 0 6135_23
0 1 243 224 97 263 30 0 0 0 1 2 0 3 1 1 7 125 1 0 0 0 0 0 0 0 0 0 0 0 0 0 0 0 0 0 0 0 0 0 0 0 0 0 0 0 0 0 0 0 0 0 9032_98
0 1 253 223 105 251 30 0 0 0 1 2 0 3 1 1 8 119 1 0 0 0 0 0 0 0 0 0 0 0 0 0 0 0 0 0 0 0 0 0 0 0 0 0 0 0 0 0 0 0 0 0 434_98
0 1 249 234 118 239 29 0 0 0 1 2 0 3 1 1 7 113 1 0 0 0 0 0 0 0 0 0 0 0 0 0 0 0 0 0 0 0 0 0 0 0 0 0 0 0 0 0 0 0 0 0 16998_65
0 1 244 223 95 265 29 0 0 0 1 2 0 3 1 1 7 126 1 0 0 0 0 0 0 0 0 0 0 0 0 0 0 0 0 0 0 0 0 0 0 0 0 0 0 0 0 0 0 0 0 0 17780_98
0 1 242 225 101 261 29 0 0 0 1 2 0 3 1 1 7 124 1 0 0 0 0 0 0 0 0 0 0 0 0 0 0 0 0 0 0 0 0 0 0 0 0 0 0 0 0 0 0 0 0 0 12448_98
0 1 249 230 113 245 29 0 0 0 1 2 0 3 1 1 7 116 1 0 0 0 0 0 0 0 0 0 0 0 0 0 0 0 0 0 0 0 0 0 0 0 0 0 0 0 0 0 0 0 0 0 1029_98
0 1 246 228 108 252 29 0 0 0 1 2 0 3 1 1 7 119 1 0 0 0 0 0 0 0 0 0 0 0 0 0 0 0 0 0 0 0 0 0 0 0 0 0 0 0 0 0 0 0 0 0 15409_59
0 1 254 230 117 239 29 0 0 0 1 2 0 3 1 1 7 113 1 0 0 0 0 0 0 0 0 0 0 0 0 0 0 0 0 0 0 0 0 0 0 0 0 0 0 0 0 0 0 0 0 0 4942_98
0 1 252 227 113 245 29 0 0 0 1 2 0 3 1 1 7 116 1 0 0 0 0 0 0 0 0 0 0 0 0 0 0 0 0 0 0 0 0 0 0 0 0 0 0 0 0 0 0 0 0 0 13014_98
0 1 243 228 104 257 29 0 0 0 1 2 0 3 1 1 6 122 1 0 0 0 0 0 0 0 0 0 0 0 0 0 0 0 0 0 0 0 0 0 0 0 0 0 0 0 0 0 0 0 0 0 8868_53
0 1 238 225 99 265 29 0 0 0 1 2 0 3 1 1 7 126 1 0 0 0 0 0 0 0 0 0 0 0 0 0 0 0 0 0 0 0 0 0 0 0 0 0 0 0 0 0 0 0 0 0 10583_41
0 1 237 222 94 271 29 0 0 0 1 2 0 3 1 1 7 129 1 0 0 0 0 0 0 0 0 0 0 0 0 0 0 0 0 0 0 0 0 0 0 0 0 0 0 0 0 0 0 0 0 0 9433_24
0 1 243 225 99 262 29 0 0 0 1 2 0 3 1 1 7 124 1 0 0 0 0 0 0 0 0 0 0 0 0 0 0 0 0 0 0 0 0 0 0 0 0 0 0 0 0 0 0 0 0 0 13561_98
0 1 247 225 103 256 29 0 0 0 1 2 0 3 1 1 7 122 1 0 0 0 0 0 0 0 0 0 0 0 0 0 0 0 0 0 0 0 0 0 0 0 0 0 0 0 0 0 0 0 0 0 16424_36