0 1 287 273 218 121 29 0 0 0 1 2 0 3 1 1 7 54 1 0 0 0 0 0 0 0 0 0 0 0 0 0 0 0 0 0 0 0 0 0 0 0 0 0 0 0 0 0 0 0 0 0 9341_6
0 1 307 290 263 66 29 0 0 0 1 2 0 3 1 1 7 27 1 0 0 0 0 0 0 0 0 0 0 0 0 0 0 0 0 0 0 0 0 0 0 0 0 0 0 0 0 0 0 0 0 0 11246_29
0 1 289 274 219 118 29 0 0 0 1 2 0 3 1 1 7 53 1 0 0 0 0 0 0 0 0 0 0 0 0 0 0 0 0 0 0 0 0 0 0 0 0 0 0 0 0 0 0 0 0 0 9972_41
0 1 320 295 278 43 30 0 0 0 1 2 0 3 1 1 7 16 1 0 0 0 0 0 0 0 0 0 0 0 0 0 0 0 0 0 0 0 0 0 0 0 0 0 0 0 0 0 0 0 0 0 6554_31
0 1 305 291 263 67 29 0 0 0 1 2 0 3 1 1 6 28 1 0 0 0 0 0 0 0 0 0 0 0 0 0 0 0 0 0 0 0 0 0 0 0 0 0 0 0 0 0 0 0 0 0 3697_26
0 1 306 287 256 73 29 0 0 0 1 2 0 3 1 1 7 31 1 0 0 0 0 0 0 0 0 0 0 0 0 0 0 0 0 0 0 0 0 0 0 0 0 0 0 0 0 0 0 0 0 0 4738_41
0 1 306 279 242 87 30 0 0 0 1 2 0 3 1 1 7 38 1 0 0 0 0 0 0 0 0 0 0 0 0 0 0 0 0 0 0 0 0 0 0 0 0 0 0 0 0 0 0 0 0 0 15687_26
0 1 316 297 280 44 29 0 0 0 1 2 0 3 1 1 7 16 1 0 0 0 0 0 0 0 0 0 0 0 0 0 0 0 0 0 0 0 0 0 0 0 0 0 0 0 0 0 0 0 0 0 8888_65
0 1 300 277 232 99 30 0 0 0 1 2 0 3 1 1 7 44 1 0 0 0 0 0 0 0 0 0 0 0 0 0 0 0 0 0 0 0 0 0 0 0 0 0 0 0 0 0 0 0 0 0 9899_82
0 1 319 294 278 45 29 0 0 0 1 2 0 3 1 1 7 17 1 0 0 0 0 0 0 0 0 0 0 0 0 0 0 0 0 0 0 0 0 0 0 0 0 0 0 0 0 0 0 0 0 0 508_56
0 1 310 292 269 58 29 0 0 0 1 2 0 3 1 1 8 23 1 0 0 0 0 0 0 0 0 0 0 0 0 0 0 0 0 0 0 0 0 0 0 0 0 0 0 0 0 0 0 0 0 0 497_38
0 1 311 291 265 61 29 0 0 0 1 2 0 3 1 1 7 25 1 0 0 0 0 0 0 0 0 0 0 0 0 0 0 0 0 0 0 0 0 0 0 0 0 0 0 0 0 0 0 0 0 0 538_83
0 1 287 271 213 126 29 0 0 0 1 2 0 3 1 1 6 57 1 0 0 0 0 0 0 0 0 0 0 0 0 0 0 0 0 0 0 0 0 0 0 0 0 0 0 0 0 0 0 0 0 0 9011_47
0 1 308 286 256 72 29 0 0 0 1 2 0 3 1 1 7 31 1 0 0 0 0 0 0 0 0 0 0 0 0 0 0 0 0 0 0 0 0 0 0 0 0 0 0 0 0 0 0 0 0 0 1003_92
0 1 293 274 228 109 29 0 0 0 1 2 0 3 1 1 7 49 1 0 0 0 0 0 0 0 0 0 0 0 0 0 0 0 0 0 0 0 0 0 0 0 0 0 0 0 0 0 0 0 0 0 484_46
0 1 305 282 245 84 30 0 0 0 1 2 0 3 1 1 6 37 1 0 0 0 0 0 0 0 0 0 0 0 0 0 0 0 0 0 0 0 0 0 0 0 0 0 0 0 0 0 0 0 0 0 8302_42
0 1 302 288 257 75 29 0 0 0 1 2 0 3 1 1 6 32 1 0 0 0 0 0 0 0 0 0 0 0 0 0 0 0 0 0 0 0 0 0 0 0 0 0 0 0 0 0 0 0 0 0 8766_25
0 1 293 274 224 112 29 0 0 0 1 2 0 3 1 1 7 50 1 0 0 0 0 0 0 0 0 0 0 0 0 0 0 0 0 0 0 0 0 0 0 0 0 0 0 0 0 0 0 0 0 0 13971_63
0 1 285 272 217 123 29 0 0 0 1 2 0 3 1 1 7 56 1 0 0 0 0 0 0 0 0 0 0 0 0 0 0 0 0 0 0 0 0 0 0 0 0 0 0 0 0 0 0 0 0 0 13768_20
0 1 325 301 295 24 30 0 0 0 1 2 0 3 1 1 7 7 1 0 0 0 0 0 0 0 0 0 0 0 0 0 0 0 0 0 0 0 0 0 0 0 0 0 0 0 0 0 0 0 0 0 15184_86
0 1 297 284 246 88 29 0 0 0 1 2 0 3 1 1 7 38 1 0 0 0 0 0 0 0 0 0 0 0 0 0 0 0 0 0 0 0 0 0 0 0 0 0 0 0 0 0 0 0 0 0 432_11
0 1 299 285 249 84 29 0 0 0 1 2 0 3 1 1 7 36 1 0 0 0 0 0 0 0 0 0 0 0 0 0 0 0 0 0 0 0 0 0 0 0 0 0 0 0 0 0 0 0 0 0 14927_5
0 1 289 272 216 122 29 0 0 0 1 2 0 3 1 1 6 55 1 0 0 0 0 0 0 0 0 0 0 0 0 0 0 0 0 0 0 0 0 0 0 0 0 0 0 0 0 0 0 0 0 0 15929_26
0 1 312 299 284 42 29 0 0 0 1 2 0 3 1 1 7 16 1 0 0 0 0 0 0 0 0 0 0 0 0 0 0 0 0 0 0 0 0 0 0 0 0 0 0 0 0 0 0 0 0 0 736_8
0 1 317 291 270 53 30 0 0 0 1 2 0 3 1 1 7 21 1 0 0 0 0 0 0 0 0 0 0 0 0 0 0 0 0 0 0 0 0 0 0 0 0 0 0 0 0 0 0 0 0 0 7790_55
0 1 317 300 288 36 29 0 0 0 1 2 0 3 1 1 7 12 1 0 0 0 0 0 0 0 0 0 0 0 0 0 0 0 0 0 0 0 0 0 0 0 0 0 0 0 0 0 0 0 0 0 9739_11
0 1 296 281 239 95 29 0 0 0 1 2 0 3 1 1 7 42 1 0 0 0 0 0 0 0 0 0 0 0 0 0 0 0 0 0 0 0 0 0 0 0 0 0 0 0 0 0 0 0 0 0 18131_5
0 1 290 271 216 121 29 0 0 0 1 2 0 3 1 1 7 55 1 0 0 0 0 0 0 0 0 0 0 0 0 0 0 0 0 0 0 0 0 0 0 0 0 0 0 0 0 0 0 0 0 0 4ad126c86e289b405cadad024bc9ec20_5
0 1 313 294 275 51 29 0 0 0 1 2 0 3 1 1 7 20 1 0 0 0 0 0 0 0 0 0 0 0 0 0 0 0 0 0 0 0 0 0 0 0 0 0 0 0 0 0 0 0 0 0 503_53
0 1 295 268 211 123 30 0 0 0 1 2 0 3 1 1 6 56 1 0 0 0 0 0 0 0 0 0 0 0 0 0 0 0 0 0 0 0 0 0 0 0 0 0 0 0 0 0 0 0 0 0 15346_78
0 1 304 289 259 71 29 0 0 0 1 2 0 3 1 1 7 30 1 0 0 0 0 0 0 0 0 0 0 0 0 0 0 0 0 0 0 0 0 0 0 0 0 0 0 0 0 0 0 0 0 0 2137_6
0 1 294 270 217 119 29 0 0 0 1 2 0 3 1 1 6 54 1 0 0 0 0 0 0 0 0 0 0 0 0 0 0 0 0 0 0 0 0 0 0 0 0 0 0 0 0 0 0 0 0 0 5690_2
0 1 286 269 210 129 29 0 0 0 1 2 0 3 1 1 7 59 1 0 0 0 0 0 0 0 0 0 0 0 0 0 0 0 0 0 0 0 0 0 0 0 0 0 0 0 0 0 0 0 0 0 8551_26
0 1 317 291 270 53 30 0 0 0 1 2 0 3 1 1 7 21 1 0 0 0 0 0 0 0 0 0 0 0 0 0 0 0 0 0 0 0 0 0 0 0 0 0 0 0 0 0 0 0 0 0 1224_68
0 1 302 285 249 82 29 0 0 0 1 2 0 3 1 1 7 35 1 0 0 0 0 0 0 0 0 0 0 0 0 0 0 0 0 0 0 0 0 0 0 0 0 0 0 0 0 0 0 0 0 0 11849_51
0 1 315 296 280 45 29 0 0 0 1 2 0 3 1 1 7 17 1 0 0 0 0 0 0 0 0 0 0 0 0 0 0 0 0 0 0 0 0 0 0 0 0 0 0 0 0 0 0 0 0 0 13444_89
0 1 308 290 263 65 29 0 0 0 1 2 0 3 1 1 7 27 1 0 0 0 0 0 0 0 0 0 0 0 0 0 0 0 0 0 0 0 0 0 0 0 0 0 0 0 0 0 0 0 0 0 1574_41
0 1 297 278 236 99 29 0 0 0 1 2 0 3 1 1 6 44 1 0 0 0 0 0 0 0 0 0 0 0 0 0 0 0 0 0 0 0 0 0 0 0 0 0 0 0 0 0 0 0 0 0 8196_6
0 1 297 279 238 96 29 0 0 0 1 2 0 3 1 1 7 43 1 0 0 0 0 0 0 0 0 0 0 0 0 0 0 0 0 0 0 0 0 0 0 0 0 0 0 0 0 0 0 0 0 0 5888_83
0 1 316 300 287 38 29 0 0 0 1 2 0 3 1 1 6 13 1 0 0 0 0 0 0 0 0 0 0 0 0 0 0 0 0 0 0 0 0 0 0 0 0 0 0 0 0 0 0 0 0 0 16133_14
0 1 302 284 249 82 29 0 0 0 1 2 0 3 1 1 7 36 1 0 0 0 0 0 0 0 0 0 0 0 0 0 0 0 0 0 0 0 0 0 0 0 0 0 0 0 0 0 0 0 0 0 4572_50
0 1 289 270 213 125 29 0 0 0 1 2 0 3 1 1 7 56 1 0 0 0 0 0 0 0 0 0 0 0 0 0 0 0 0 0 0 0 0 0 0 0 0 0 0 0 0 0 0 0 0 0 8339_10
0 1 289 286 244 93 29 0 0 0 1 2 0 3 1 1 7 41 1 0 0 0 0 0 0 0 0 0 0 0 0 0 0 0 0 0 0 0 0 0 0 0 0 0 0 0 0 0 0 0 0 0 8330_2
0 1 326 296 286 33 30 0 0 0 1 2 0 3 1 1 7 11 1 0 0 0 0 0 0 0 0 0 0 0 0 0 0 0 0 0 0 0 0 0 0 0 0 0 0 0 0 0 0 0 0 0 50494b0b0b6f3a8e578ddcd0f1b1c720_93
0 1 304 276 233 96 30 0 0 0 1 2 0 3 1 1 7 43 1 0 0 0 0 0 0 0 0 0 0 0 0 0 0 0 0 0 0 0 0 0 0 0 0 0 0 0 0 0 0 0 0 0 6606_74
0 1 318 300 289 34 29 0 0 0 1 2 0 3 1 1 7 12 1 0 0 0 0 0 0 0 0 0 0 0 0 0 0 0 0 0 0 0 0 0 0 0 0 0 0 0 0 0 0 0 0 0 3800_54
0 1 298 282 243 90 29 0 0 0 1 2 0 3 1 1 7 40 1 0 0 0 0 0 0 0 0 0 0 0 0 0 0 0 0 0 0 0 0 0 0 0 0 0 0 0 0 0 0 0 0 0 5431_13
0 1 318 305 299 24 29 0 0 0 1 2 0 3 1 1 7 7 1 0 0 0 0 0 0 0 0 0 0 0 0 0 0 0 0 0 0 0 0 0 0 0 0 0 0 0 0 0 0 0 0 0 16110_36
0 1 320 295 279 43 29 0 0 0 1 2 0 3 1 1 7 16 1 0 0 0 0 0 0 0 0 0 0 0 0 0 0 0 0 0 0 0 0 0 0 0 0 0 0 0 0 0 0 0 0 0 9020_37
0 1 307 281 245 84 29 0 0 0 1 2 0 3 1 1 7 36 1 0 0 0 0 0 0 0 0 0 0 0 0 0 0 0 0 0 0 0 0 0 0 0 0 0 0 0 0 0 0 0 0 0 645_4
0 1 318 298 284 39 29 0 0 0 1 2 0 3 1 1 7 14 1 0 0 0 0 0 0 0 0 0 0 0 0 0 0 0 0 0 0 0 0 0 0 0 0 0 0 0 0 0 0 0 0 0 7572_92
0 1 295 278 232 102 29 0 0 0 1 2 0 3 1 1 7 46 1 0 0 0 0 0 0 0 0 0 0 0 0 0 0 0 0 0 0 0 0 0 0 0 0 0 0 0 0 0 0 0 0 0 16971_71
0 1 293 275 226 110 29 0 0 0 1 2 0 3 1 1 7 49 1 0 0 0 0 0 0 0 0 0 0 0 0 0 0 0 0 0 0 0 0 0 0 0 0 0 0 0 0 0 0 0 0 0 3106_81
0 1 305 287 257 73 29 0 0 0 1 2 0 3 1 1 7 31 1 0 0 0 0 0 0 0 0 0 0 0 0 0 0 0 0 0 0 0 0 0 0 0 0 0 0 0 0 0 0 0 0 0 1163_22
0 1 300 271 222 110 30 0 0 0 1 2 0 3 1 1 7 49 1 0 0 0 0 0 0 0 0 0 0 0 0 0 0 0 0 0 0 0 0 0 0 0 0 0 0 0 0 0 0 0 0 0 3100_25
0 1 293 271 217 119 29 0 0 0 1 2 0 3 1 1 6 54 1 0 0 0 0 0 0 0 0 0 0 0 0 0 0 0 0 0 0 0 0 0 0 0 0 0 0 0 0 0 0 0 0 0 4781_90
0 1 296 270 215 118 30 0 0 0 1 2 0 3 1 1 7 53 1 0 0 0 0 0 0 0 0 0 0 0 0 0 0 0 0 0 0 0 0 0 0 0 0 0 0 0 0 0 0 0 0 0 15606_92
0 1 311 281 249 78 30 0 0 0 1 2 0 3 1 1 6 34 1 0 0 0 0 0 0 0 0 0 0 0 0 0 0 0 0 0 0 0 0 0 0 0 0 0 0 0 0 0 0 0 0 0 711_74
0 1 310 293 269 58 29 0 0 0 1 2 0 3 1 1 7 23 1 0 0 0 0 0 0 0 0 0 0 0 0 0 0 0 0 0 0 0 0 0 0 0 0 0 0 0 0 0 0 0 0 0 12813_28
0 1 314 295 276 49 29 0 0 0 1 2 0 3 1 1 7 19 1 0 0 0 0 0 0 0 0 0 0 0 0 0 0 0 0 0 0 0 0 0 0 0 0 0 0 0 0 0 0 0 0 0 2480_54
0 1 317 297 282 42 29 0 0 0 1 2 0 3 1 1 6 16 1 0 0 0 0 0 0 0 0 0 0 0 0 0 0 0 0 0 0 0 0 0 0 0 0 0 0 0 0 0 0 0 0 0 16279_86
0 1 318 299 287 36 29 0 0 0 1 2 0 3 1 1 7 13 1 0 0 0 0 0 0 0 0 0 0 0 0 0 0 0 0 0 0 0 0 0 0 0 0 0 0 0 0 0 0 0 0 0 11010_44
0 1 308 282 252 77 30 0 0 0 1 2 0 3 1 1 7 33 1 0 0 0 0 0 0 0 0 0 0 0 0 0 0 0 0 0 0 0 0 0 0 0 0 0 0 0 0 0 0 0 0 0 13123_55
0 1 321 289 269 53 29 0 0 0 1 2 0 3 1 1 7 21 1 0 0 0 0 0 0 0 0 0 0 0 0 0 0 0 0 0 0 0 0 0 0 0 0 0 0 0 0 0 0 0 0 0 480_95
0 1 319 305 299 24 29 0 0 0 1 2 0 3 1 1 7 6 1 0 0 0 0 0 0 0 0 0 0 0 0 0 0 0 0 0 0 0 0 0 0 0 0 0 0 0 0 0 0 0 0 0 9265_3