-5.757808251831279811e-02
-1.879916342113714667e-02
9.676988658539983261e-04
9.676988658539943146e-04
9.676988658539912788e-04
9.676988658539969167e-04
9.676988658540128544e-04
1.390168552473708234e-02
4.170505657421134937e-02
-5.757808251831279811e-02
9.676988658539960493e-04
-6.540169789174891946e-02
1.390168552473708234e-02
-1.398076034118347910e-01
-4.660253447061154380e-02
-4.660253447061154380e-02
9.676988658539588612e-04
9.676988658539870504e-04
-4.660253447061154380e-02
0.000000000000000000e+00
0.000000000000000000e+00
0.000000000000000000e+00
0.000000000000000000e+00
0.000000000000000000e+00
0.000000000000000000e+00
0.000000000000000000e+00
0.000000000000000000e+00
0.000000000000000000e+00
0.000000000000000000e+00
0.000000000000000000e+00
0.000000000000000000e+00
0.000000000000000000e+00
0.000000000000000000e+00
0.000000000000000000e+00
0.000000000000000000e+00
0.000000000000000000e+00
0.000000000000000000e+00
0.000000000000000000e+00
0.000000000000000000e+00
0.000000000000000000e+00
0.000000000000000000e+00
0.000000000000000000e+00
0.000000000000000000e+00
0.000000000000000000e+00
0.000000000000000000e+00
0.000000000000000000e+00
0.000000000000000000e+00
0.000000000000000000e+00
0.000000000000000000e+00
0.000000000000000000e+00
0.000000000000000000e+00
0.000000000000000000e+00
