0 0 0 0 0 0 0 0 0 0 0 0 0 0 0 0 0 0 75 0 0 0 0 0 0 0 0 0 0 0 0 0 0 0 0 0 0 0 0 0 0 0 0 0 0 0 0 0 0 0 0 0 0 0 0 0 0 0 0 0 0 0 0 0 0 0 0 0 0 0 0 0 0 0 0 0 0 0 0 0 0 0 0 0 0 0 0 0 0 0 0 0 75 0 0 0 0 0 0 0 0 0 0 0 0 0 0 0 0 0 0 0 0 0 0 0 0 0 0 0 82a0f36bad3db10cda8bdd8601348959_1552_789
0 0 0 0 0 0 0 0 0 0 0 0 0 0 0 1 0 0 11 0 0 0 0 12 0 0 0 0 0 74 0 0 0 0 0 0 0 0 0 0 0 0 0 0 0 0 0 0 0 0 0 0 0 0 0 0 0 0 0 0 8 0 0 0 0 0 0 0 0 9 0 0 74 16 0 0 0 0 0 0 0 0 0 0 12 0 0 0 0 0 0 0 11 0 0 0 0 0 0 0 0 0 0 0 0 0 0 0 0 0 0 0 0 0 0 0 0 0 0 0 61fd4cac9f5429d14d015e7632e3514a_1276_129
0 0 0 0 0 0 0 0 0 0 0 0 0 0 0 0 0 0 75 0 0 0 0 0 0 0 0 0 0 0 0 0 0 0 0 0 0 0 0 0 0 0 0 0 0 0 0 0 0 0 0 0 0 0 0 0 0 0 0 0 0 0 0 0 0 0 0 0 0 0 0 0 0 0 0 0 0 0 0 0 0 0 0 0 0 0 0 0 0 0 0 0 75 0 0 0 0 0 0 0 0 0 0 0 0 0 0 0 0 0 0 0 0 0 0 0 0 0 0 0 81ec8dd3f588bacf6fe3ca4744dabd85_1400_1801
0 0 0 0 0 0 0 0 0 0 0 0 0 0 0 0 0 0 75 0 0 0 0 0 0 0 0 0 0 0 0 0 0 0 0 0 0 0 0 0 0 0 0 0 0 0 0 0 0 0 0 0 0 0 0 0 0 0 0 0 0 0 0 0 0 0 0 0 0 0 0 0 0 0 0 0 0 0 0 0 0 0 0 0 0 0 0 0 0 0 0 0 75 0 0 0 0 0 0 0 0 0 0 0 0 0 0 0 0 0 0 0 0 0 0 0 0 0 0 0 81ec8dd3f588bacf6fe3ca4744dabd85_1400_2655
0 0 0 0 0 0 0 0 0 0 0 0 0 0 0 0 0 0 75 0 0 0 0 0 0 0 0 0 0 0 0 0 0 0 0 0 0 0 0 0 0 0 0 0 0 0 0 0 0 0 0 0 0 0 0 0 0 0 0 0 0 0 0 0 0 0 0 0 0 0 0 0 0 0 0 0 0 0 0 0 0 0 0 0 0 0 0 0 0 0 0 0 75 0 0 0 0 0 0 0 0 0 0 0 0 0 0 0 0 0 0 0 0 0 0 0 0 0 0 0 60ef32102d1ae0d8bfa046757739edcd_1296_944
0 0 0 0 0 0 0 0 0 0 0 0 0 0 0 0 0 0 75 0 0 0 0 0 0 0 0 0 0 0 0 0 0 0 0 0 0 0 0 0 0 0 0 0 0 0 0 0 0 0 0 0 0 0 0 0 0 0 0 0 0 0 0 0 0 0 0 0 0 0 0 0 0 0 0 0 0 0 0 0 0 0 0 0 0 0 0 0 0 0 0 0 75 0 0 0 0 0 0 0 0 0 0 0 0 0 0 0 0 0 0 0 0 0 0 0 0 0 0 0 60ef32102d1ae0d8bfa046757739edcd_1296_2702
0 0 0 0 0 0 0 0 4 0 0 12 2 0 0 0 4 0 16 2 2 0 0 0 0 0 0 0 0 13 0 3 0 16 0 0 0 0 2 2 0 0 0 4 2 0 0 0 1 2 0 4 0 4 9 0 2 0 3 0 0 2 0 3 0 0 8 0 0 0 1 0 14 12 2 11 8 0 0 0 1 1 0 6 0 9 0 4 2 4 0 2 16 10 2 0 0 0 0 0 0 0 0 0 0 0 0 0 0 0 0 0 0 0 0 0 0 0 0 0 82ec14e682cb0322129fb4e42304962d_1052_284
0 0 0 0 0 0 0 0 16 0 0 0 3 0 0 0 16 0 0 0 0 0 0 0 0 0 0 0 0 0 0 16 0 50 0 0 0 0 0 0 0 0 0 16 0 0 0 0 0 0 0 0 0 18 0 0 0 0 16 0 0 16 0 0 0 0 32 0 0 0 0 0 0 0 0 33 0 0 0 0 0 0 0 17 0 0 0 16 0 17 0 0 0 17 0 0 0 0 0 0 0 0 0 0 0 0 0 0 0 0 0 0 0 0 0 0 0 0 0 0 81c2d13624f473c10f9866dee8ce79fb_1468_979
0 0 0 0 0 0 0 0 0 0 0 0 0 0 0 0 0 0 0 0 72 0 0 0 0 0 72 0 0 3 0 0 0 0 0 0 0 0 0 0 0 3 0 0 0 0 0 0 0 0 0 0 0 0 0 0 0 0 0 0 0 0 0 0 0 0 0 0 0 0 0 0 3 3 0 0 0 0 0 0 0 0 71 0 0 0 0 0 0 0 0 0 0 0 0 0 0 0 0 0 0 0 0 0 0 0 0 0 0 0 0 0 0 0 0 0 0 0 0 0 81c2d13624f473c10f9866dee8ce79fb_1468_1592
0 0 0 0 0 1 1 3 1 1 0 13 2 1 0 0 2 0 19 4 0 0 0 1 0 0 0 0 0 20 0 1 0 2 0 0 0 0 2 3 0 5 1 1 1 0 0 0 0 2 1 0 0 0 10 0 2 3 1 1 0 0 0 1 0 0 2 0 0 1 0 3 20 16 2 4 14 0 0 0 0 0 0 0 1 10 1 1 7 2 0 2 20 8 1 0 0 0 0 0 0 0 0 0 0 0 0 0 0 0 0 0 0 0 0 0 0 0 0 0 81c2d13624f473c10f9866dee8ce79fb_1632_399
0 0 0 0 0 0 0 0 0 0 0 15 0 1 0 0 0 0 38 5 0 0 0 0 0 0 0 0 0 2 0 0 0 0 0 0 0 0 5 7 0 0 0 0 0 0 0 0 0 0 0 1 0 0 12 0 0 6 0 0 0 0 0 0 0 0 0 0 0 0 0 0 2 13 6 5 19 0 0 0 0 0 0 0 0 12 0 0 5 0 0 6 38 5 0 0 0 0 0 0 0 0 0 0 0 0 0 0 0 0 0 0 0 0 0 0 0 0 0 0 61fd4cac9f5429d14d015e7632e3514a_1276_886
0 0 0 0 0 1 0 3 1 1 0 14 2 1 0 0 2 0 23 4 0 0 0 0 0 0 0 0 0 15 0 0 0 6 0 0 0 0 2 3 0 6 1 1 1 0 0 0 0 2 1 0 0 2 8 0 2 4 1 0 0 2 0 1 0 0 2 0 0 0 0 3 15 14 3 4 13 0 0 0 0 0 0 2 0 8 0 1 8 2 0 3 23 10 1 0 0 0 0 0 0 0 0 0 0 0 0 0 0 0 0 0 0 0 0 0 0 0 0 0 exe_1276_245
0 0 0 0 0 0 0 0 0 0 0 0 0 0 0 0 0 0 75 0 0 0 0 0 0 0 0 0 0 0 0 0 0 0 0 0 0 0 0 0 0 0 0 0 0 0 0 0 0 0 0 0 0 0 0 0 0 0 0 0 0 0 0 0 0 0 0 0 0 0 0 0 0 0 0 0 0 0 0 0 0 0 0 0 0 0 0 0 0 0 0 0 75 0 0 0 0 0 0 0 0 0 0 0 0 0 0 0 0 0 0 0 0 0 0 0 0 0 0 0 82a0f36bad3db10cda8bdd8601348959_1552_2389
0 0 0 0 0 0 0 0 0 0 0 0 0 0 0 0 0 0 75 0 0 0 0 0 0 0 0 0 0 0 0 0 0 0 0 0 0 0 0 0 0 0 0 0 0 0 0 0 0 0 0 0 0 0 0 0 0 0 0 0 0 0 0 0 0 0 0 0 0 0 0 0 0 0 0 0 0 0 0 0 0 0 0 0 0 0 0 0 0 0 0 0 75 0 0 0 0 0 0 0 0 0 0 0 0 0 0 0 0 0 0 0 0 0 0 0 0 0 0 0 60ef32102d1ae0d8bfa046757739edcd_1296_1616
0 0 0 0 0 0 0 0 16 0 0 2 2 0 0 0 16 0 1 0 0 0 0 0 0 0 0 0 0 1 0 13 0 56 0 0 0 0 0 0 0 0 0 14 0 0 0 0 0 0 0 0 0 17 2 0 0 0 13 0 0 15 0 0 0 0 28 0 0 0 0 0 1 3 0 28 0 0 0 0 0 0 0 20 0 2 0 14 2 16 0 0 1 14 0 0 0 0 0 0 0 0 0 0 0 0 0 0 0 0 0 0 0 0 0 0 0 0 0 0 61fd4cac9f5429d14d015e7632e3514a_1276_322
0 0 0 14 0 0 0 0 0 0 0 5 0 4 0 0 0 0 53 0 0 0 0 0 0 0 0 0 0 12 0 0 0 0 0 0 0 0 0 3 0 2 0 0 0 0 0 1 0 0 0 0 0 7 1 0 0 0 0 0 16 7 0 0 0 0 0 0 0 0 0 0 11 2 0 0 0 0 0 0 0 0 0 0 0 1 0 0 2 0 0 0 51 0 0 0 0 0 0 0 0 0 0 0 0 0 0 0 0 0 0 0 0 0 0 0 0 0 0 0 exe_1376_557
0 0 0 0 0 0 0 0 0 0 0 0 0 0 0 0 0 0 75 0 0 0 0 0 0 0 0 0 0 0 0 0 0 0 0 0 0 0 0 0 0 0 0 0 0 0 0 0 0 0 0 0 0 0 0 0 0 0 0 0 0 0 0 0 0 0 0 0 0 0 0 0 0 0 0 0 0 0 0 0 0 0 0 0 0 0 0 0 0 0 0 0 75 0 0 0 0 0 0 0 0 0 0 0 0 0 0 0 0 0 0 0 0 0 0 0 0 0 0 0 81ec8dd3f588bacf6fe3ca4744dabd85_1400_2778
0 0 0 0 0 0 0 0 0 0 0 0 0 0 0 1 0 0 1 0 0 0 0 0 0 0 0 0 0 56 0 0 0 0 0 0 0 0 0 0 0 0 0 0 0 0 0 0 0 0 0 0 0 0 43 0 0 0 0 0 0 0 0 0 0 0 0 0 0 0 0 0 56 98 0 0 0 0 0 0 0 0 0 0 0 43 0 0 0 0 0 0 1 0 0 0 0 0 0 0 0 0 0 0 0 0 0 0 0 0 0 0 0 0 0 0 0 0 0 0 81ec8dd3f588bacf6fe3ca4744dabd85_1400_378
0 0 0 0 0 0 0 0 0 0 0 0 0 0 0 0 0 0 75 0 0 0 0 0 0 0 0 0 0 0 0 0 0 0 0 0 0 0 0 0 0 0 0 0 0 0 0 0 0 0 0 0 0 0 0 0 0 0 0 0 0 0 0 0 0 0 0 0 0 0 0 0 0 0 0 0 0 0 0 0 0 0 0 0 0 0 0 0 0 0 0 0 75 0 0 0 0 0 0 0 0 0 0 0 0 0 0 0 0 0 0 0 0 0 0 0 0 0 0 0 81ec8dd3f588bacf6fe3ca4744dabd85_1400_1092
0 0 0 0 0 0 0 0 0 0 0 0 0 0 0 0 0 0 75 0 0 0 0 0 0 0 0 0 0 0 0 0 0 0 0 0 0 0 0 0 0 0 0 0 0 0 0 0 0 0 0 0 0 0 0 0 0 0 0 0 0 0 0 0 0 0 0 0 0 0 0 0 0 0 0 0 0 0 0 0 0 0 0 0 0 0 0 0 0 0 0 0 75 0 0 0 0 0 0 0 0 0 0 0 0 0 0 0 0 0 0 0 0 0 0 0 0 0 0 0 60ef32102d1ae0d8bfa046757739edcd_1296_1004
0 0 0 0 0 0 0 0 0 0 0 0 0 0 0 0 0 0 75 0 0 0 0 0 0 0 0 0 0 0 0 0 0 0 0 0 0 0 0 0 0 0 0 0 0 0 0 0 0 0 0 0 0 0 0 0 0 0 0 0 0 0 0 0 0 0 0 0 0 0 0 0 0 0 0 0 0 0 0 0 0 0 0 0 0 0 0 0 0 0 0 0 75 0 0 0 0 0 0 0 0 0 0 0 0 0 0 0 0 0 0 0 0 0 0 0 0 0 0 0 82a0f36bad3db10cda8bdd8601348959_1552_2400
0 0 0 0 0 0 0 0 16 0 0 0 3 0 0 0 17 0 0 0 0 0 0 0 0 0 0 0 0 0 0 16 0 51 0 0 0 0 0 0 0 0 0 16 0 0 0 0 0 0 0 0 0 16 0 0 0 0 16 0 0 16 0 0 0 0 33 0 0 0 0 0 0 0 0 33 0 0 0 0 0 0 0 16 0 0 0 16 0 17 0 0 0 17 0 0 0 0 0 0 0 0 0 0 0 0 0 0 0 0 0 0 0 0 0 0 0 0 0 0 62e0d60d5f83eb58653f64708e65d750_1868_595
0 0 0 0 0 0 0 0 14 0 0 1 8 0 0 0 16 0 0 0 0 0 0 0 0 0 0 0 0 3 0 14 0 48 0 0 0 0 0 0 0 0 0 14 0 0 0 0 1 1 0 0 0 12 1 0 1 0 14 0 0 15 0 0 0 0 28 0 0 0 0 0 3 1 0 30 4 0 0 0 0 0 0 16 0 1 0 15 0 16 0 0 0 21 0 0 0 0 0 0 0 0 0 0 0 0 0 0 0 0 0 0 0 0 0 0 0 0 0 0 82ec14e682cb0322129fb4e42304962d_1052_154
0 0 0 0 0 0 0 0 0 0 0 0 0 0 0 0 0 0 0 0 0 0 0 0 0 0 0 0 0 149 0 0 0 0 0 0 0 0 0 0 0 0 0 0 0 0 0 0 0 0 0 0 0 0 0 0 0 0 0 0 0 0 0 0 0 0 0 0 0 0 0 0 150 0 0 0 0 0 0 0 0 0 0 0 0 0 0 0 0 0 0 0 0 0 0 0 0 0 0 0 0 0 0 0 0 0 0 0 0 0 0 0 0 0 0 0 0 0 0 0 61fd4cac9f5429d14d015e7632e3514a_1524_70
0 0 0 0 0 0 0 0 0 0 0 0 0 0 0 0 0 0 75 0 0 0 0 0 0 0 0 0 0 0 0 0 0 0 0 0 0 0 0 0 0 0 0 0 0 0 0 0 0 0 0 0 0 0 0 0 0 0 0 0 0 0 0 0 0 0 0 0 0 0 0 0 0 0 0 0 0 0 0 0 0 0 0 0 0 0 0 0 0 0 0 0 75 0 0 0 0 0 0 0 0 0 0 0 0 0 0 0 0 0 0 0 0 0 0 0 0 0 0 0 82a0f36bad3db10cda8bdd8601348959_1552_2076
0 0 0 0 0 0 0 0 16 0 0 0 3 0 0 0 15 0 0 0 0 0 0 0 0 0 0 0 0 0 0 16 0 43 0 0 0 0 0 0 0 0 0 16 0 0 0 0 0 0 0 0 0 15 0 0 0 0 16 0 0 16 0 0 0 0 31 0 0 0 0 0 0 0 0 30 0 0 0 0 0 0 0 14 0 0 0 16 0 15 0 0 0 37 0 0 0 0 0 0 0 0 0 0 0 0 0 0 0 0 0 0 0 0 0 0 0 0 0 0 61fd4cac9f5429d14d015e7632e3514a_1524_296
0 0 0 2 0 0 0 0 5 0 0 7 0 0 0 0 0 0 18 2 0 0 0 0 0 0 0 0 0 7 0 5 0 0 0 0 1 0 1 3 0 2 0 0 0 0 0 0 0 0 0 0 0 1 11 0 0 3 5 0 2 1 0 0 0 0 0 0 0 0 0 0 8 10 8 6 6 0 0 1 0 0 0 0 0 11 0 0 3 0 0 8 18 3 0 0 0 0 0 0 0 0 0 0 0 0 0 0 0 0 0 0 0 0 0 0 0 0 0 0 exe_1276_540
0 0 0 0 0 2 2 6 2 2 0 4 9 0 0 7 2 0 36 2 0 0 0 0 0 0 0 0 0 20 0 3 0 6 0 0 0 0 0 1 0 0 2 1 1 0 0 0 0 8 1 0 0 0 2 0 8 0 2 2 0 0 0 1 0 0 2 0 0 0 0 6 19 4 1 2 1 0 0 0 0 0 0 2 0 2 2 1 2 2 1 1 35 5 8 0 0 7 0 0 0 0 0 0 0 0 0 0 0 0 0 0 0 0 0 0 0 0 0 0 84dffc6d32371bbbfa701551e363af30_1456_6946
0 0 0 0 0 0 0 4 6 0 0 4 3 0 0 0 5 0 12 0 0 0 0 2 0 0 0 0 0 17 0 6 0 15 0 0 0 0 0 2 0 1 0 6 0 0 0 0 0 0 0 0 0 8 9 0 0 2 6 0 0 8 0 0 0 0 12 0 0 2 0 3 18 6 1 10 16 0 0 0 2 2 0 5 2 9 0 10 6 5 0 1 12 10 0 0 0 0 0 0 0 0 0 0 0 0 0 0 0 0 0 0 0 0 0 0 0 0 0 0 84dffc6d32371bbbfa701551e363af30_1456_7658
1 0 0 0 0 0 0 0 15 0 0 6 4 0 0 0 6 0 13 0 0 0 0 0 0 0 0 0 0 7 1 13 0 30 1 0 0 0 0 0 0 0 0 6 0 0 0 0 0 0 0 0 0 2 9 0 0 0 13 0 0 3 0 0 0 0 12 0 0 0 0 0 7 11 6 18 2 0 0 0 0 0 0 12 0 9 0 6 0 6 0 6 14 7 0 0 0 0 0 0 0 0 0 0 0 0 0 0 0 0 0 0 0 0 0 0 0 0 0 0 84dffc6d32371bbbfa701551e363af30_1456_7316
0 0 0 0 0 0 0 0 0 0 0 0 0 0 0 0 0 0 0 0 75 0 0 0 0 0 74 0 0 0 0 0 0 0 0 0 0 0 0 0 0 0 0 0 0 0 0 0 0 0 0 0 0 0 0 0 0 0 0 0 0 0 0 0 0 0 0 0 0 0 0 0 0 0 0 0 0 0 0 0 0 0 75 0 0 0 0 0 0 0 0 0 0 0 0 0 0 0 0 0 0 0 0 0 0 0 0 0 0 0 0 0 0 0 0 0 0 0 0 0 82cf1e67ed155da7e89fc4f49b97050d_876_448
0 0 0 0 0 3 0 2 0 0 0 1 6 0 0 2 1 0 21 0 14 0 0 0 0 0 14 0 0 15 0 0 0 1 0 0 0 0 0 0 0 0 0 1 1 0 0 0 0 3 0 0 0 0 3 0 3 1 0 0 0 0 0 1 0 0 2 0 0 0 1 2 15 2 0 3 3 0 0 0 0 0 14 0 0 3 0 0 2 1 1 0 21 22 3 0 0 1 0 0 0 0 0 0 0 0 0 0 0 0 0 0 0 0 0 0 0 0 0 0 exe_1236_76
0 0 0 0 0 0 0 0 0 0 0 0 0 0 0 0 0 0 75 0 0 0 0 0 0 0 0 0 0 0 0 0 0 0 0 0 0 0 0 0 0 0 0 0 0 0 0 0 0 0 0 0 0 0 0 0 0 0 0 0 0 0 0 0 0 0 0 0 0 0 0 0 0 0 0 0 0 0 0 0 0 0 0 0 0 0 0 0 0 0 0 0 75 0 0 0 0 0 0 0 0 0 0 0 0 0 0 0 0 0 0 0 0 0 0 0 0 0 0 0 60ef32102d1ae0d8bfa046757739edcd_1296_1639
0 0 0 15 0 0 0 0 12 0 0 0 7 0 0 0 12 0 1 0 0 0 0 0 0 0 0 0 0 13 0 12 0 34 0 0 0 0 0 0 0 0 0 12 0 0 0 0 0 0 0 11 0 8 5 0 0 0 12 0 2 13 0 0 0 0 24 0 0 0 0 0 14 0 0 23 0 0 0 0 0 0 0 11 0 5 0 11 0 11 0 0 1 11 0 0 0 0 0 0 0 0 0 0 0 0 0 0 0 0 0 0 0 0 0 0 0 0 0 0 exe_1376_1094
0 0 0 0 0 0 0 0 0 0 0 0 0 0 0 0 0 0 75 0 0 0 0 0 0 0 0 0 0 0 0 0 0 0 0 0 0 0 0 0 0 0 0 0 0 0 0 0 0 0 0 0 0 0 0 0 0 0 0 0 0 0 0 0 0 0 0 0 0 0 0 0 0 0 0 0 0 0 0 0 0 0 0 0 0 0 0 0 0 0 0 0 75 0 0 0 0 0 0 0 0 0 0 0 0 0 0 0 0 0 0 0 0 0 0 0 0 0 0 0 81ec8dd3f588bacf6fe3ca4744dabd85_1400_1889
0 0 0 0 0 0 0 0 0 0 0 0 0 0 0 0 0 0 75 0 0 0 0 0 0 0 0 0 0 0 0 0 0 0 0 0 0 0 0 0 0 0 0 0 0 0 0 0 0 0 0 0 0 0 0 0 0 0 0 0 0 0 0 0 0 0 0 0 0 0 0 0 0 0 0 0 0 0 0 0 0 0 0 0 0 0 0 0 0 0 0 0 75 0 0 0 0 0 0 0 0 0 0 0 0 0 0 0 0 0 0 0 0 0 0 0 0 0 0 0 81ec8dd3f588bacf6fe3ca4744dabd85_1400_1513
0 0 0 0 0 0 0 0 0 0 0 0 0 71 70 0 0 0 0 0 0 0 0 0 0 0 0 0 0 4 0 0 0 0 0 0 0 0 0 0 0 2 0 0 0 0 0 0 0 0 0 0 0 0 0 0 0 0 0 0 0 0 0 0 0 0 0 0 0 0 0 0 4 2 0 0 0 0 0 0 0 0 0 0 0 0 0 0 0 0 0 0 0 0 0 0 0 0 0 0 0 0 0 0 0 0 0 0 0 0 0 0 0 0 0 0 0 0 0 0 70e399acca62e88cc86d9d3dc0eb50fe_1992_156
0 0 0 0 0 1 1 10 5 1 0 9 5 0 0 0 6 0 10 1 0 0 0 3 0 0 0 0 0 24 0 5 0 18 0 0 0 0 0 2 0 0 1 6 1 0 0 0 0 1 1 0 0 1 7 0 1 5 5 1 1 1 0 1 0 0 11 0 0 3 4 10 24 14 0 8 12 3 0 0 0 0 0 6 3 7 1 13 7 6 0 0 10 5 1 0 0 0 0 0 0 0 0 0 0 0 0 0 0 0 0 0 0 0 0 0 0 0 0 0 82cf1e67ed155da7e89fc4f49b97050d_876_402
0 0 0 0 0 0 0 0 0 0 0 0 0 0 0 0 0 0 75 0 0 0 0 0 0 0 0 0 0 0 0 0 0 0 0 0 0 0 0 0 0 0 0 0 0 0 0 0 0 0 0 0 0 0 0 0 0 0 0 0 0 0 0 0 0 0 0 0 0 0 0 0 0 0 0 0 0 0 0 0 0 0 0 0 0 0 0 0 0 0 0 0 75 0 0 0 0 0 0 0 0 0 0 0 0 0 0 0 0 0 0 0 0 0 0 0 0 0 0 0 60ef32102d1ae0d8bfa046757739edcd_1296_1317
0 0 0 0 0 0 0 0 0 0 0 0 0 0 0 0 0 0 75 0 0 0 0 0 0 0 0 0 0 0 0 0 0 0 0 0 0 0 0 0 0 0 0 0 0 0 0 0 0 0 0 0 0 0 0 0 0 0 0 0 0 0 0 0 0 0 0 0 0 0 0 0 0 0 0 0 0 0 0 0 0 0 0 0 0 0 0 0 0 0 0 0 75 0 0 0 0 0 0 0 0 0 0 0 0 0 0 0 0 0 0 0 0 0 0 0 0 0 0 0 81ec8dd3f588bacf6fe3ca4744dabd85_1400_2996
0 0 0 0 0 0 0 0 0 0 0 0 0 0 0 0 0 0 0 0 72 0 0 0 0 0 72 0 0 3 0 0 0 0 0 0 0 0 0 0 0 3 0 0 0 0 0 0 0 0 0 0 0 0 0 0 0 0 0 0 0 0 0 0 0 0 0 0 0 0 0 0 3 3 0 0 0 0 0 0 0 0 71 0 0 0 0 0 0 0 0 0 0 0 0 0 0 0 0 0 0 0 0 0 0 0 0 0 0 0 0 0 0 0 0 0 0 0 0 0 83f04b9aebe38cb456cf68f206b0f688_1732_527
0 0 0 0 0 0 0 0 0 0 0 0 0 0 0 0 0 0 75 0 0 0 0 0 0 0 0 0 0 0 0 0 0 0 0 0 0 0 0 0 0 0 0 0 0 0 0 0 0 0 0 0 0 0 0 0 0 0 0 0 0 0 0 0 0 0 0 0 0 0 0 0 0 0 0 0 0 0 0 0 0 0 0 0 0 0 0 0 0 0 0 0 75 0 0 0 0 0 0 0 0 0 0 0 0 0 0 0 0 0 0 0 0 0 0 0 0 0 0 0 60ef32102d1ae0d8bfa046757739edcd_1296_2854
0 0 0 0 0 0 0 0 0 0 0 0 0 0 0 0 0 0 75 0 0 0 0 0 0 0 0 0 0 0 0 0 0 0 0 0 0 0 0 0 0 0 0 0 0 0 0 0 0 0 0 0 0 0 0 0 0 0 0 0 0 0 0 0 0 0 0 0 0 0 0 0 0 0 0 0 0 0 0 0 0 0 0 0 0 0 0 0 0 0 0 0 75 0 0 0 0 0 0 0 0 0 0 0 0 0 0 0 0 0 0 0 0 0 0 0 0 0 0 0 60ef32102d1ae0d8bfa046757739edcd_1296_1349
0 0 0 0 0 0 0 0 0 0 0 0 0 0 0 0 0 0 75 0 0 0 0 0 0 0 0 0 0 0 0 0 0 0 0 0 0 0 0 0 0 0 0 0 0 0 0 0 0 0 0 0 0 0 0 0 0 0 0 0 0 0 0 0 0 0 0 0 0 0 0 0 0 0 0 0 0 0 0 0 0 0 0 0 0 0 0 0 0 0 0 0 75 0 0 0 0 0 0 0 0 0 0 0 0 0 0 0 0 0 0 0 0 0 0 0 0 0 0 0 81ec8dd3f588bacf6fe3ca4744dabd85_1400_1744
1 0 0 0 0 0 0 4 8 0 0 13 10 0 0 0 9 0 15 1 0 0 0 0 0 0 0 0 0 9 1 7 0 9 1 0 0 0 0 1 4 0 0 8 0 1 0 0 4 0 0 0 0 2 2 1 0 1 7 6 0 1 0 0 0 0 16 0 0 0 6 4 9 5 0 16 20 0 0 0 0 0 0 0 0 2 0 13 2 9 0 0 15 15 0 0 0 0 0 0 0 0 0 0 0 0 0 0 0 0 0 0 0 0 0 0 0 0 0 0 81c2d13624f473c10f9866dee8ce79fb_1632_283
0 0 0 0 0 0 0 2 0 0 0 1 4 0 0 3 1 0 13 0 0 0 0 15 0 0 1 0 0 53 0 0 0 1 0 0 1 0 0 0 0 0 0 1 1 0 0 0 0 4 0 18 0 1 3 0 4 0 0 0 0 0 0 1 0 0 2 0 0 3 0 2 53 15 4 2 0 3 0 0 0 0 0 0 14 0 0 0 0 1 0 4 14 1 4 0 0 0 0 0 0 0 0 0 0 0 0 0 0 0 0 0 0 0 0 0 0 0 0 0 61fd4cac9f5429d14d015e7632e3514a_1524_38
0 0 0 0 0 0 0 0 0 0 0 0 0 0 0 0 0 0 75 0 0 0 0 0 0 0 0 0 0 0 0 0 0 0 0 0 0 0 0 0 0 0 0 0 0 0 0 0 0 0 0 0 0 0 0 0 0 0 0 0 0 0 0 0 0 0 0 0 0 0 0 0 0 0 0 0 0 0 0 0 0 0 0 0 0 0 0 0 0 0 0 0 75 0 0 0 0 0 0 0 0 0 0 0 0 0 0 0 0 0 0 0 0 0 0 0 0 0 0 0 82a0f36bad3db10cda8bdd8601348959_1552_2468
0 0 0 3 0 1 1 3 2 1 0 4 2 10 1 0 2 0 8 1 3 0 0 0 0 0 3 0 0 22 0 2 0 6 0 0 0 0 0 1 0 2 1 1 1 0 0 0 0 2 1 0 0 2 6 0 2 0 2 1 1 2 0 1 0 0 2 0 0 0 0 3 22 5 0 2 2 0 0 0 0 0 2 2 0 6 0 1 19 2 0 0 8 4 1 0 1 0 0 0 0 0 0 0 0 0 0 0 0 0 0 0 0 0 0 0 0 0 0 0 61fd4cac9f5429d14d015e7632e3514a_1276_850
0 0 0 0 0 0 0 0 0 0 0 0 0 0 0 1 0 0 1 0 0 0 0 0 0 0 0 0 0 58 0 0 0 0 0 0 0 0 0 0 0 0 0 0 0 0 0 0 0 0 0 0 0 0 40 0 0 0 0 0 0 0 0 0 0 0 0 0 0 0 0 0 59 99 0 0 0 0 0 0 0 0 0 0 0 40 0 0 0 0 0 0 1 0 0 0 0 0 0 0 0 0 0 0 0 0 0 0 0 0 0 0 0 0 0 0 0 0 0 0 60ef32102d1ae0d8bfa046757739edcd_1296_564
0 0 0 0 0 0 0 0 0 0 0 0 0 0 0 0 0 0 75 0 0 0 0 0 0 0 0 0 0 0 0 0 0 0 0 0 0 0 0 0 0 0 0 0 0 0 0 0 0 0 0 0 0 0 0 0 0 0 0 0 0 0 0 0 0 0 0 0 0 0 0 0 0 0 0 0 0 0 0 0 0 0 0 0 0 0 0 0 0 0 0 0 75 0 0 0 0 0 0 0 0 0 0 0 0 0 0 0 0 0 0 0 0 0 0 0 0 0 0 0 82a0f36bad3db10cda8bdd8601348959_1552_1528
0 0 0 0 0 0 0 0 0 0 0 0 0 0 0 0 0 0 75 0 0 0 0 0 0 0 0 0 0 0 0 0 0 0 0 0 0 0 0 0 0 0 0 0 0 0 0 0 0 0 0 0 0 0 0 0 0 0 0 0 0 0 0 0 0 0 0 0 0 0 0 0 0 0 0 0 0 0 0 0 0 0 0 0 0 0 0 0 0 0 0 0 75 0 0 0 0 0 0 0 0 0 0 0 0 0 0 0 0 0 0 0 0 0 0 0 0 0 0 0 60ef32102d1ae0d8bfa046757739edcd_1296_827
0 0 0 0 0 0 0 10 22 0 0 12 0 0 0 0 0 0 14 0 0 0 0 0 0 0 0 0 0 10 0 11 0 0 0 0 0 0 0 0 0 0 0 0 0 0 0 0 0 0 0 0 0 0 14 0 0 0 18 0 5 0 0 0 0 0 0 0 0 0 0 10 10 15 11 5 10 0 0 0 0 0 0 0 0 14 0 0 5 0 0 11 14 0 6 0 0 0 0 0 0 0 0 0 0 0 0 0 0 0 0 0 0 0 0 0 0 0 0 0 70e399acca62e88cc86d9d3dc0eb50fe_1568_73
0 0 0 0 0 0 0 0 0 0 0 11 0 10 0 0 0 0 12 0 0 0 0 0 0 0 0 0 0 21 0 0 0 0 0 0 0 0 0 0 0 11 0 0 0 0 0 0 0 0 0 0 0 0 10 0 0 0 0 0 0 0 0 0 0 0 0 0 0 0 0 0 21 11 7 0 29 0 0 0 0 0 0 0 0 11 0 0 0 0 0 8 12 45 0 0 0 0 0 0 0 0 0 0 0 0 0 0 0 0 0 0 0 0 0 0 0 0 0 0 83f04b9aebe38cb456cf68f206b0f688_1732_365
0 0 0 0 0 0 0 0 0 0 0 0 0 0 0 0 0 0 75 0 0 0 0 0 0 0 0 0 0 0 0 0 0 0 0 0 0 0 0 0 0 0 0 0 0 0 0 0 0 0 0 0 0 0 0 0 0 0 0 0 0 0 0 0 0 0 0 0 0 0 0 0 0 0 0 0 0 0 0 0 0 0 0 0 0 0 0 0 0 0 0 0 75 0 0 0 0 0 0 0 0 0 0 0 0 0 0 0 0 0 0 0 0 0 0 0 0 0 0 0 81ec8dd3f588bacf6fe3ca4744dabd85_1400_981
0 0 0 0 0 0 0 0 0 0 0 0 0 0 0 0 0 0 75 0 0 0 0 0 0 0 0 0 0 0 0 0 0 0 0 0 0 0 0 0 0 0 0 0 0 0 0 0 0 0 0 0 0 0 0 0 0 0 0 0 0 0 0 0 0 0 0 0 0 0 0 0 0 0 0 0 0 0 0 0 0 0 0 0 0 0 0 0 0 0 0 0 75 0 0 0 0 0 0 0 0 0 0 0 0 0 0 0 0 0 0 0 0 0 0 0 0 0 0 0 81ec8dd3f588bacf6fe3ca4744dabd85_1400_760
0 0 0 0 0 0 0 0 0 0 0 0 0 0 0 0 0 0 75 0 0 0 0 0 0 0 0 0 0 0 0 0 0 0 0 0 0 0 0 0 0 0 0 0 0 0 0 0 0 0 0 0 0 0 0 0 0 0 0 0 0 0 0 0 0 0 0 0 0 0 0 0 0 0 0 0 0 0 0 0 0 0 0 0 0 0 0 0 0 0 0 0 75 0 0 0 0 0 0 0 0 0 0 0 0 0 0 0 0 0 0 0 0 0 0 0 0 0 0 0 60ef32102d1ae0d8bfa046757739edcd_1296_2216
0 0 0 0 0 0 0 0 0 0 0 0 0 0 0 1 0 0 1 0 0 0 0 0 0 0 0 0 0 57 0 0 0 0 0 0 0 0 0 0 0 0 0 0 0 0 0 0 0 0 0 0 0 0 42 0 0 0 0 0 0 0 0 0 0 0 0 0 0 0 0 0 57 98 0 0 0 0 0 0 0 0 0 0 0 42 0 0 0 0 0 0 1 0 0 0 0 0 0 0 0 0 0 0 0 0 0 0 0 0 0 0 0 0 0 0 0 0 0 0 81ec8dd3f588bacf6fe3ca4744dabd85_1400_404
0 0 0 12 0 0 0 0 0 0 0 1 0 1 0 0 0 0 18 0 0 0 0 0 0 0 0 0 0 16 0 0 3 0 0 0 0 0 0 0 0 0 0 0 0 0 0 7 0 0 0 2 0 13 0 0 0 0 0 0 12 8 0 0 0 0 0 8 0 0 0 0 17 0 0 0 0 0 0 0 0 0 0 0 0 0 0 0 0 0 0 0 18 0 0 0 0 0 0 0 0 0 0 0 0 0 0 0 0 0 0 0 0 0 0 0 0 0 0 0 exe_1276_524
0 0 0 0 0 0 0 0 0 0 0 0 0 0 0 0 0 0 75 0 0 0 0 0 0 0 0 0 0 0 0 0 0 0 0 0 0 0 0 0 0 0 0 0 0 0 0 0 0 0 0 0 0 0 0 0 0 0 0 0 0 0 0 0 0 0 0 0 0 0 0 0 0 0 0 0 0 0 0 0 0 0 0 0 0 0 0 0 0 0 0 0 75 0 0 0 0 0 0 0 0 0 0 0 0 0 0 0 0 0 0 0 0 0 0 0 0 0 0 0 81ec8dd3f588bacf6fe3ca4744dabd85_1400_2906
0 0 0 0 0 0 0 0 0 0 0 0 0 0 0 0 0 0 75 0 0 0 0 0 0 0 0 0 0 0 0 0 0 0 0 0 0 0 0 0 0 0 0 0 0 0 0 0 0 0 0 0 0 0 0 0 0 0 0 0 0 0 0 0 0 0 0 0 0 0 0 0 0 0 0 0 0 0 0 0 0 0 0 0 0 0 0 0 0 0 0 0 75 0 0 0 0 0 0 0 0 0 0 0 0 0 0 0 0 0 0 0 0 0 0 0 0 0 0 0 81ec8dd3f588bacf6fe3ca4744dabd85_1400_1264
0 0 0 5 0 0 0 0 2 0 0 10 0 4 4 0 0 0 21 2 0 0 0 0 0 0 0 2 0 12 0 2 0 0 0 0 0 0 1 4 0 0 0 0 0 0 0 0 0 0 0 8 0 0 7 0 0 6 2 0 6 0 0 0 0 0 0 0 0 0 0 0 12 12 9 3 8 0 0 0 0 0 0 0 0 7 0 0 11 0 0 9 21 5 0 0 0 0 0 0 0 0 0 0 5 0 0 0 0 0 0 0 0 0 0 0 0 0 0 0 61fd4cac9f5429d14d015e7632e3514a_1276_1770
0 0 0 9 0 0 0 0 0 0 0 0 0 4 0 0 0 0 6 0 26 0 0 0 0 0 29 0 0 23 0 0 0 0 0 0 0 0 0 0 0 8 0 0 0 0 0 0 0 0 0 0 0 0 12 0 0 0 0 0 6 0 0 0 0 0 0 0 0 0 0 0 23 8 0 0 5 0 0 0 0 0 25 0 0 12 0 0 30 0 0 0 6 0 0 0 0 0 0 0 0 0 0 0 0 0 0 0 0 0 0 0 0 0 0 0 0 0 0 0 81c2d13624f473c10f9866dee8ce79fb_1468_819
0 0 0 0 0 0 0 0 0 0 0 0 0 0 0 0 0 0 0 0 0 0 0 0 0 0 0 0 0 57 0 0 0 0 0 0 0 0 0 0 0 0 0 0 0 0 0 0 0 0 0 0 0 0 43 0 0 0 0 0 0 0 0 0 0 0 0 0 0 0 0 0 57 99 0 0 0 0 0 0 0 0 0 0 0 43 0 0 0 0 0 0 0 0 0 0 0 0 0 0 0 0 0 0 0 0 0 0 0 0 0 0 0 0 0 0 0 0 0 0 60ef32102d1ae0d8bfa046757739edcd_1296_430
0 0 0 0 0 0 0 0 0 0 0 0 0 0 0 0 0 0 75 0 0 0 0 0 0 0 0 0 0 0 0 0 0 0 0 0 0 0 0 0 0 0 0 0 0 0 0 0 0 0 0 0 0 0 0 0 0 0 0 0 0 0 0 0 0 0 0 0 0 0 0 0 0 0 0 0 0 0 0 0 0 0 0 0 0 0 0 0 0 0 0 0 75 0 0 0 0 0 0 0 0 0 0 0 0 0 0 0 0 0 0 0 0 0 0 0 0 0 0 0 82a0f36bad3db10cda8bdd8601348959_1552_1887
0 0 0 0 0 1 0 3 0 1 0 3 0 0 0 1 2 0 9 1 0 0 1 9 0 0 0 0 0 55 0 0 0 2 0 0 0 0 0 0 0 0 1 1 1 0 0 0 0 0 1 0 0 0 8 0 0 1 0 0 0 0 0 1 0 0 2 0 0 1 0 3 54 36 1 2 3 1 0 0 0 0 0 0 8 9 0 1 3 2 1 1 9 3 0 0 0 0 0 0 0 0 0 0 0 0 0 0 0 0 0 0 0 0 0 0 0 0 0 0 61fd4cac9f5429d14d015e7632e3514a_1524_48
0 0 0 0 0 0 0 0 0 0 0 0 0 0 0 1 0 0 2 0 0 0 0 0 0 0 0 0 0 58 0 0 0 0 0 0 0 0 0 0 0 0 0 0 0 0 0 0 0 0 0 0 0 0 40 0 0 0 0 0 0 0 0 0 0 0 0 0 0 0 0 0 58 96 0 0 0 0 0 0 0 0 0 0 0 40 0 0 0 0 0 0 2 0 0 0 0 0 0 0 0 0 0 0 0 0 0 0 0 0 0 0 0 0 0 0 0 0 0 0 60ef32102d1ae0d8bfa046757739edcd_1296_456
0 0 0 0 0 0 0 0 0 0 0 0 0 0 0 0 0 0 33 0 0 0 0 0 0 0 0 0 0 33 0 0 0 0 0 0 0 0 0 0 0 0 0 0 0 0 0 0 0 0 0 0 0 33 0 0 0 0 0 0 0 34 0 0 0 0 0 0 0 0 0 0 33 0 0 0 0 0 0 0 0 0 0 0 0 0 0 0 0 0 0 0 33 0 0 0 0 0 0 0 0 0 0 0 0 0 0 0 0 0 0 0 0 0 0 0 0 0 0 0 84dffc6d32371bbbfa701551e363af30_1456_7967
0 0 0 0 0 0 0 0 0 0 0 0 0 0 0 0 0 0 75 0 0 0 0 0 0 0 0 0 0 0 0 0 0 0 0 0 0 0 0 0 0 0 0 0 0 0 0 0 0 0 0 0 0 0 0 0 0 0 0 0 0 0 0 0 0 0 0 0 0 0 0 0 0 0 0 0 0 0 0 0 0 0 0 0 0 0 0 0 0 0 0 0 75 0 0 0 0 0 0 0 0 0 0 0 0 0 0 0 0 0 0 0 0 0 0 0 0 0 0 0 81ec8dd3f588bacf6fe3ca4744dabd85_1400_2970
0 0 0 0 0 0 0 0 17 0 0 0 1 0 0 0 16 0 0 0 0 0 0 0 0 0 0 0 0 0 0 17 0 48 0 0 0 0 0 0 0 0 0 16 0 0 0 0 0 0 0 0 0 20 0 0 0 0 17 0 0 16 0 0 0 0 32 0 0 0 0 0 0 0 0 32 0 0 0 0 0 0 0 16 0 0 0 16 0 16 0 0 0 19 0 0 0 0 0 0 0 0 0 0 0 0 0 0 0 0 0 0 0 0 0 0 0 0 0 0 90bc59dafe96c97402785b619dcfdd21_1168_154
0 0 0 14 0 0 0 0 1 0 0 12 0 0 0 0 0 0 19 0 6 0 0 0 0 0 0 0 0 7 0 1 0 0 0 0 0 0 0 0 0 2 0 0 0 0 0 0 0 0 0 0 0 1 10 0 0 0 1 0 12 2 0 0 0 0 0 0 0 0 0 0 7 11 3 1 0 0 0 0 0 0 0 0 0 10 0 0 0 0 0 3 20 0 0 0 0 0 0 0 0 0 0 0 0 0 0 0 0 0 0 0 0 0 0 0 0 0 0 0 exe_1376_688
0 0 0 0 0 0 0 0 0 0 0 0 0 0 0 0 0 0 75 0 0 0 0 0 0 0 0 0 0 0 0 0 0 0 0 0 0 0 0 0 0 0 0 0 0 0 0 0 0 0 0 0 0 0 0 0 0 0 0 0 0 0 0 0 0 0 0 0 0 0 0 0 0 0 0 0 0 0 0 0 0 0 0 0 0 0 0 0 0 0 0 0 75 0 0 0 0 0 0 0 0 0 0 0 0 0 0 0 0 0 0 0 0 0 0 0 0 0 0 0 60ef32102d1ae0d8bfa046757739edcd_1296_729
0 0 0 0 0 0 0 11 2 0 0 8 2 0 0 0 3 0 12 0 0 0 0 0 0 0 0 0 0 17 0 2 0 3 0 0 0 0 0 2 0 0 0 3 1 0 0 0 0 0 1 0 0 0 3 0 0 5 2 0 0 3 0 0 0 0 6 0 0 0 0 11 14 5 2 7 9 0 0 0 0 0 0 0 0 3 0 16 7 3 0 3 12 88 0 0 0 0 0 0 0 0 0 0 0 0 0 0 0 0 0 0 0 0 0 0 0 0 0 0 61fd4cac9f5429d14d015e7632e3514a_1524_426
0 0 0 0 0 0 0 0 15 0 0 0 3 0 0 0 15 0 0 0 0 0 0 0 0 0 0 0 0 0 0 15 0 57 0 0 0 0 0 0 0 0 0 15 0 0 0 0 0 0 0 0 0 17 0 0 0 0 15 0 0 15 0 0 0 0 30 0 0 0 0 0 0 0 0 31 0 0 0 0 0 0 0 22 0 0 0 16 0 15 0 0 0 18 0 0 0 0 0 0 0 0 0 0 0 0 0 0 0 0 0 0 0 0 0 0 0 0 0 0 82cf1e67ed155da7e89fc4f49b97050d_876_91
0 0 0 0 0 0 0 0 0 0 0 0 0 0 0 0 0 0 0 0 0 0 0 0 0 0 0 0 0 63 0 0 0 0 0 0 0 0 0 0 0 0 0 0 0 0 0 0 0 0 0 0 0 0 15 0 0 0 0 0 0 0 0 0 0 0 0 0 0 0 0 0 63 16 0 0 0 0 0 0 0 0 0 0 0 15 0 0 0 0 0 0 0 0 0 0 0 0 0 0 0 0 0 0 0 0 0 0 0 0 0 0 0 0 0 0 0 0 0 0 exe_1376_1573
0 0 0 33 0 0 0 0 0 0 0 0 0 6 0 0 0 0 23 0 0 0 0 0 0 0 0 0 0 5 0 0 0 0 0 0 0 0 0 1 0 0 0 0 0 0 0 11 0 0 0 6 0 19 0 0 0 2 0 0 33 19 0 0 0 0 0 0 0 0 0 0 5 0 2 0 1 0 0 0 0 0 0 0 0 0 0 0 2 0 0 2 20 0 0 0 0 0 0 0 0 0 0 0 0 0 0 0 0 0 0 0 0 0 0 0 0 0 0 0 exe_1376_306
0 0 0 0 0 0 0 10 21 0 0 10 0 0 0 0 0 0 15 0 0 0 0 0 0 0 0 0 0 10 0 10 0 0 0 0 0 0 0 0 0 0 0 0 0 0 0 0 0 0 0 0 0 0 16 0 0 0 15 0 5 0 0 0 0 0 0 0 0 0 0 10 10 16 10 5 10 0 0 0 0 0 0 0 0 16 0 0 5 0 0 10 15 0 5 0 0 0 0 0 0 0 0 0 0 0 0 0 0 0 0 0 0 0 1 0 0 0 0 0 70e399acca62e88cc86d9d3dc0eb50fe_1568_90
0 0 0 0 0 1 0 14 0 1 0 4 4 0 0 0 2 0 24 1 0 1 0 0 0 0 0 0 0 26 0 0 0 5 0 0 0 0 0 4 0 1 0 2 1 0 0 0 0 0 1 0 0 0 7 0 0 4 0 0 0 1 0 0 0 0 5 0 0 0 6 14 24 12 0 2 9 0 0 0 0 0 0 2 0 7 0 15 7 2 0 0 25 38 0 0 0 0 0 0 0 0 0 0 0 0 0 0 0 0 0 0 0 0 0 0 0 0 0 0 82ec14e682cb0322129fb4e42304962d_1052_415
0 0 0 0 0 0 0 0 0 0 0 0 0 0 0 0 0 0 75 0 0 0 0 0 0 0 0 0 0 0 0 0 0 0 0 0 0 0 0 0 0 0 0 0 0 0 0 0 0 0 0 0 0 0 0 0 0 0 0 0 0 0 0 0 0 0 0 0 0 0 0 0 0 0 0 0 0 0 0 0 0 0 0 0 0 0 0 0 0 0 0 0 75 0 0 0 0 0 0 0 0 0 0 0 0 0 0 0 0 0 0 0 0 0 0 0 0 0 0 0 60ef32102d1ae0d8bfa046757739edcd_1296_1152
0 0 0 9 0 0 0 0 0 0 0 0 0 0 0 0 0 0 26 0 0 0 0 0 0 0 107 0 0 5 0 0 0 0 0 0 0 0 0 0 0 0 0 0 0 0 0 0 0 0 0 0 0 7 2 0 0 0 0 0 9 6 0 0 0 0 0 0 0 0 0 0 5 4 0 0 0 0 0 20 0 0 0 0 0 2 0 0 0 0 0 0 25 0 0 0 0 0 0 0 0 0 0 0 0 0 0 0 0 0 0 0 0 0 0 0 0 0 0 0 exe_1376_218
0 0 0 6 0 0 0 0 0 0 0 9 0 1 1 0 0 0 30 3 0 0 0 0 0 0 0 1 0 6 0 0 0 3 0 0 1 0 2 7 0 0 0 0 0 0 0 0 0 0 0 11 0 3 9 0 0 4 0 0 4 3 0 0 0 0 0 0 0 0 0 0 6 8 6 2 10 0 0 0 0 0 1 0 0 9 0 0 6 0 0 6 30 4 0 0 0 0 0 0 0 0 0 0 4 0 0 0 0 0 0 0 0 0 0 0 0 0 0 0 exe_1376_281
0 0 0 0 0 0 0 0 0 0 0 0 0 0 0 0 0 0 75 0 0 0 0 0 0 0 0 0 0 0 0 0 0 0 0 0 0 0 0 0 0 0 0 0 0 0 0 0 0 0 0 0 0 0 0 0 0 0 0 0 0 0 0 0 0 0 0 0 0 0 0 0 0 0 0 0 0 0 0 0 0 0 0 0 0 0 0 0 0 0 0 0 75 0 0 0 0 0 0 0 0 0 0 0 0 0 0 0 0 0 0 0 0 0 0 0 0 0 0 0 81ec8dd3f588bacf6fe3ca4744dabd85_1400_2120
0 0 0 0 0 0 0 1 3 0 0 2 0 2 0 1 0 0 5 0 2 0 0 8 0 0 2 4 0 35 0 3 0 0 0 0 0 0 0 0 0 1 0 0 0 0 0 0 0 0 0 0 0 1 3 0 0 0 3 0 0 1 0 0 2 0 0 0 0 1 2 1 35 13 3 3 2 1 0 0 1 1 2 0 8 3 0 0 2 0 0 3 5 0 0 0 0 0 0 0 0 0 0 0 0 0 0 0 0 0 0 0 0 0 0 0 0 0 0 0 60ef32102d1ae0d8bfa046757739edcd_1296_672
0 0 0 0 0 0 0 0 0 0 0 0 0 0 0 0 0 0 0 0 0 0 0 0 0 0 3 0 0 4 0 0 0 0 0 0 0 0 0 0 0 0 0 0 0 0 0 0 0 0 0 0 0 0 3 0 0 0 0 0 0 0 0 0 0 0 0 0 0 0 0 0 4 18 0 0 0 0 0 0 0 0 0 0 0 12 0 0 16 0 0 0 0 0 0 0 3 0 0 0 0 0 0 0 0 0 0 0 0 0 0 0 0 0 0 0 0 0 0 0 60a92ad9b580573b636dfcc369755355_1444_849
0 0 0 0 0 0 0 0 0 0 0 0 0 0 0 0 0 0 75 0 0 0 0 0 0 0 0 0 0 0 0 0 0 0 0 0 0 0 0 0 0 0 0 0 0 0 0 0 0 0 0 0 0 0 0 0 0 0 0 0 0 0 0 0 0 0 0 0 0 0 0 0 0 0 0 0 0 0 0 0 0 0 0 0 0 0 0 0 0 0 0 0 75 0 0 0 0 0 0 0 0 0 0 0 0 0 0 0 0 0 0 0 0 0 0 0 0 0 0 0 82a0f36bad3db10cda8bdd8601348959_1552_1030
0 0 0 0 0 0 0 8 20 0 0 10 0 0 0 0 0 0 17 0 0 0 0 0 0 0 0 0 0 8 0 13 0 0 0 0 0 0 0 0 0 0 0 0 0 0 0 0 0 0 0 0 0 0 10 0 0 0 18 0 8 0 0 0 0 0 0 0 0 0 0 8 8 11 9 4 8 0 0 0 0 0 0 0 0 10 0 0 4 0 0 8 17 0 5 0 0 0 0 0 0 0 0 0 0 0 0 0 0 0 0 0 0 0 3 0 0 0 0 0 70e399acca62e88cc86d9d3dc0eb50fe_1568_47
0 0 0 0 0 0 0 0 14 0 0 1 5 0 0 0 15 0 0 0 0 0 0 0 0 0 0 0 0 3 0 14 0 45 0 0 0 0 0 0 0 0 0 14 0 0 0 0 1 1 0 0 0 17 1 0 1 0 14 0 0 14 0 0 0 0 28 0 0 0 0 0 3 1 0 30 4 0 0 0 0 0 0 16 0 1 0 15 0 15 0 0 0 25 0 0 0 0 0 0 0 0 0 0 0 0 0 0 0 0 0 0 0 0 0 0 0 0 0 0 81c2d13624f473c10f9866dee8ce79fb_1468_460
0 0 0 0 0 0 0 7 11 0 0 4 10 0 0 0 11 0 8 0 0 0 0 0 0 0 0 0 0 7 0 11 0 30 0 0 0 0 0 2 0 0 0 12 0 0 0 0 0 0 0 0 0 7 4 0 0 2 11 0 0 8 0 0 0 0 24 0 0 0 4 5 8 4 0 21 7 0 0 0 0 0 0 10 0 4 0 19 3 10 0 0 8 16 0 0 0 0 0 0 0 0 0 0 0 0 0 0 0 0 0 0 0 0 0 0 0 0 0 0 82cf1e67ed155da7e89fc4f49b97050d_876_208
0 0 0 3 0 0 0 0 0 0 0 1 0 2 0 0 0 0 17 0 0 0 0 0 0 0 29 0 0 48 0 0 0 0 0 0 0 0 0 0 0 1 0 0 0 0 0 0 0 0 0 0 0 2 7 0 0 0 0 0 3 2 0 0 0 0 0 0 0 0 0 0 49 1 0 0 3 0 0 6 0 0 0 0 0 6 0 0 0 0 1 0 18 0 0 0 0 0 0 0 0 0 0 0 0 0 0 0 0 0 0 0 0 0 0 0 0 0 0 0 61fd4cac9f5429d14d015e7632e3514a_1276_672
0 0 0 0 0 0 0 0 0 0 0 0 0 0 0 1 0 0 1 0 0 0 0 0 0 0 0 0 0 57 0 0 0 0 0 0 0 0 0 0 0 0 0 0 0 0 0 0 0 0 0 0 0 0 41 0 0 0 0 0 0 0 0 0 0 0 0 0 0 0 0 0 57 100 0 0 0 0 0 0 0 0 0 0 0 41 0 0 0 0 0 0 1 0 0 0 0 0 0 0 0 0 0 0 0 0 0 0 0 0 0 0 0 0 0 0 0 0 0 0 82a0f36bad3db10cda8bdd8601348959_1552_209
0 0 0 1 0 0 0 0 15 0 0 0 7 0 0 0 16 0 0 0 0 0 0 0 0 0 0 0 0 1 0 15 0 48 0 0 0 0 0 0 0 0 0 16 0 0 0 0 0 0 0 0 0 14 1 0 0 0 15 0 1 17 0 1 0 0 32 0 0 0 0 0 2 0 0 31 0 0 0 0 0 0 0 16 0 1 0 15 0 16 0 0 0 16 0 0 0 0 0 0 0 0 0 0 0 0 0 0 0 0 0 0 0 0 0 0 0 0 0 0 60ef32102d1ae0d8bfa046757739edcd_1296_69
0 0 0 0 0 0 0 0 14 0 0 2 13 0 0 0 14 0 9 0 0 0 0 0 0 0 0 0 0 0 0 14 0 42 0 0 0 0 0 0 6 0 0 14 0 0 0 0 0 0 0 0 0 10 0 0 0 0 14 0 0 12 0 0 0 0 28 0 0 0 6 0 0 0 0 29 1 0 0 0 0 0 0 14 0 0 0 15 0 14 0 0 9 14 0 0 0 0 0 0 0 0 0 0 0 0 0 0 0 0 0 0 0 0 0 0 0 0 0 0 83f04b9aebe38cb456cf68f206b0f688_1332_10
0 0 0 21 0 0 0 0 0 0 0 1 2 0 0 0 1 0 19 0 3 0 0 0 0 0 0 0 0 23 0 0 0 1 0 0 0 0 0 0 0 0 0 0 2 0 0 8 0 0 0 0 0 13 4 0 0 0 0 0 21 13 0 1 0 0 0 0 2 0 0 0 22 10 2 0 1 0 0 1 0 0 0 1 0 4 0 0 3 1 1 2 19 0 0 0 0 0 0 0 0 0 0 0 0 0 0 0 0 0 0 0 0 0 0 0 0 0 0 0 83f04b9aebe38cb456cf68f206b0f688_1732_583
0 0 0 0 0 0 0 0 0 0 0 0 0 0 0 0 0 0 75 0 0 0 0 0 0 0 0 0 0 0 0 0 0 0 0 0 0 0 0 0 0 0 0 0 0 0 0 0 0 0 0 0 0 0 0 0 0 0 0 0 0 0 0 0 0 0 0 0 0 0 0 0 0 0 0 0 0 0 0 0 0 0 0 0 0 0 0 0 0 0 0 0 75 0 0 0 0 0 0 0 0 0 0 0 0 0 0 0 0 0 0 0 0 0 0 0 0 0 0 0 81ec8dd3f588bacf6fe3ca4744dabd85_1400_1586
0 0 0 0 0 0 0 0 75 0 0 0 0 0 0 0 0 0 0 0 0 0 0 0 0 0 0 0 0 0 0 0 0 0 0 0 0 0 0 0 0 0 0 0 0 0 0 0 0 0 0 0 0 0 0 0 0 0 0 0 0 0 0 0 0 0 0 0 0 0 0 0 0 0 0 0 0 0 0 0 0 0 0 0 0 0 0 0 0 0 0 0 0 0 0 0 0 0 0 0 0 0 0 0 0 0 0 0 0 0 0 0 0 0 0 0 0 0 0 0 81c2d13624f473c10f9866dee8ce79fb_1632_427
0 0 0 0 0 1 1 3 26 1 0 3 7 0 0 0 14 0 0 1 0 0 0 0 0 0 0 0 0 6 0 14 0 14 0 0 0 0 0 0 0 0 1 14 1 0 0 0 1 0 1 0 0 9 1 0 0 0 14 1 0 13 0 0 0 0 28 0 0 0 0 3 4 2 0 27 4 0 0 0 13 0 0 0 0 1 1 13 1 14 0 0 0 16 0 0 0 0 0 0 0 0 0 0 0 0 0 0 0 0 0 0 0 0 0 0 0 0 0 0 81c2d13624f473c10f9866dee8ce79fb_1632_174
0 0 0 0 0 0 0 0 6 0 0 1 0 0 0 7 0 0 30 0 16 0 0 0 0 0 0 0 0 33 0 0 2 0 0 0 0 0 0 0 0 0 0 0 0 0 0 0 0 0 0 0 0 0 16 0 0 0 6 0 0 0 0 0 0 0 0 0 0 0 0 0 33 15 0 0 0 0 0 0 0 0 14 0 0 16 0 0 0 0 0 0 30 0 0 0 0 0 0 0 0 0 0 0 0 0 0 0 0 0 0 0 0 0 0 0 0 0 0 0 82a0f36bad3db10cda8bdd8601348959_1552_608
0 0 0 0 0 0 0 0 5 0 0 2 26 0 0 0 3 2 3 0 1 0 0 2 1 0 0 0 1 33 0 5 0 9 0 0 0 0 0 0 0 0 0 3 0 0 0 0 0 26 0 0 0 7 2 0 26 0 5 0 0 3 0 1 0 0 6 0 0 2 0 0 35 4 1 6 1 2 0 0 0 0 1 3 2 2 0 3 0 3 0 1 3 3 26 0 0 0 0 0 0 0 0 0 0 0 0 0 0 0 0 0 0 0 0 0 0 0 0 0 82cf1e67ed155da7e89fc4f49b97050d_876_293
0 0 0 0 0 0 0 0 13 0 0 9 12 0 0 0 14 0 6 0 0 0 0 0 0 0 0 0 0 2 0 13 0 42 0 0 0 0 0 1 2 0 0 13 0 0 0 0 0 0 0 0 0 6 0 0 0 0 13 3 0 6 0 0 0 0 26 0 0 0 4 0 2 2 0 27 3 0 0 0 0 0 0 15 0 0 0 15 0 14 0 0 6 15 0 0 0 0 0 0 0 0 0 0 0 0 0 0 0 0 0 0 0 0 0 0 0 0 0 0 62e0d60d5f83eb58653f64708e65d750_1868_33
0 0 0 13 0 0 0 0 0 0 0 0 0 0 0 0 0 0 0 0 0 0 0 1 0 0 0 0 0 103 0 0 0 0 0 0 2 0 0 0 0 0 0 0 0 0 0 0 0 0 0 2 0 0 16 0 0 0 0 0 11 0 0 0 0 0 0 0 0 0 0 0 101 11 0 0 0 0 0 0 0 0 0 0 1 20 0 0 1 0 0 0 0 0 0 0 0 0 0 0 0 0 0 0 0 0 0 0 0 0 0 0 0 0 0 0 0 0 0 0 60a92ad9b580573b636dfcc369755355_1444_745
1 0 0 0 0 0 0 4 8 0 0 11 9 0 0 0 6 0 12 1 0 0 0 0 0 0 0 0 0 9 1 7 0 30 1 0 0 0 0 1 2 0 0 7 0 1 0 0 4 0 0 0 0 0 2 1 0 1 7 5 0 1 0 0 0 0 12 0 0 0 5 4 9 4 0 12 20 0 0 0 0 0 0 12 0 2 0 11 2 6 0 0 12 16 0 0 0 0 0 0 0 0 0 0 0 0 0 0 0 0 0 0 0 0 0 0 0 0 0 0 exe_1376_583
