0 0 0 14 0 0 0 0 0 0 0 0 2 0 0 0 0 0 35 0 0 0 0 0 0 0 0 0 0 0 0 0 0 0 0 0 0 0 0 0 0 0 0 0 0 0 0 14 0 0 0 0 0 1 1 0 0 0 0 0 14 0 0 1 0 0 0 0 0 0 1 0 2 0 21 0 0 0 0 0 0 0 0 0 0 1 0 0 0 0 0 21 35 0 0 0 0 0 14 14 0 0 0 0 0 0 0 0 0 0 0 0 15 21 15 36 21 0 0 0 90bc59dafe96c97402785b619dcfdd21_1168_91
0 0 0 14 0 0 0 0 0 0 0 0 0 0 0 0 1 0 34 0 0 0 0 0 0 0 0 0 0 0 0 0 0 3 0 0 0 0 0 0 0 0 0 0 0 0 0 14 0 0 0 0 0 3 2 0 0 0 0 0 14 1 0 1 0 0 2 0 0 0 0 0 2 0 20 2 0 0 0 0 0 0 0 1 0 2 0 1 0 1 0 20 34 2 0 0 0 0 14 14 0 0 0 0 0 0 0 0 0 0 0 0 14 20 14 29 20 0 0 0 90bc59dafe96c97402785b619dcfdd21_1168_95
0 0 0 12 0 1 1 3 1 1 0 2 0 0 0 0 1 0 31 1 0 0 0 0 0 0 0 0 0 5 0 1 0 3 0 0 0 0 0 0 0 0 1 1 1 0 0 12 0 0 1 0 0 0 1 0 0 0 1 1 12 0 0 0 0 0 2 0 0 0 0 3 4 2 19 2 0 0 0 0 0 0 0 1 0 1 1 0 1 1 0 19 31 2 0 0 0 0 12 12 0 0 0 0 0 0 0 0 0 0 0 0 12 18 10 33 19 0 0 0 90bc59dafe96c97402785b619dcfdd21_1168_97
0 0 0 14 0 0 0 0 0 0 0 0 0 0 0 0 0 0 37 0 0 0 0 0 0 0 0 0 0 0 0 0 0 0 0 0 0 0 0 0 0 0 0 0 0 0 0 14 0 0 0 0 0 0 0 0 0 0 0 0 14 0 0 0 0 0 0 0 0 0 0 0 0 0 23 0 0 0 0 0 0 0 0 0 0 0 0 0 0 0 0 23 37 0 0 0 0 0 14 14 0 0 0 0 0 0 0 0 0 0 0 0 13 23 12 38 23 0 0 0 90bc59dafe96c97402785b619dcfdd21_1168_96
0 0 0 13 0 0 0 0 0 0 0 0 0 0 0 0 0 0 37 0 0 0 0 0 0 0 0 0 0 0 0 0 0 0 0 0 0 0 0 0 0 0 0 0 0 0 0 13 0 0 0 0 0 0 0 0 0 0 0 0 13 0 0 0 0 0 0 0 0 0 0 0 0 0 24 0 0 0 0 0 0 0 0 0 0 0 0 0 0 0 0 24 38 0 0 0 0 0 13 13 0 0 0 0 0 0 0 0 0 0 0 0 13 24 12 38 24 0 0 0 90bc59dafe96c97402785b619dcfdd21_1168_99
0 0 0 15 0 0 0 0 0 0 0 1 0 0 0 0 1 0 35 0 0 0 0 0 0 0 0 0 0 0 0 0 0 3 0 0 0 0 0 0 0 0 0 0 0 0 0 15 0 0 0 0 0 0 1 0 0 0 0 0 15 0 0 1 0 0 0 0 0 0 0 0 2 0 20 0 1 0 0 0 0 0 0 1 0 1 0 1 0 1 0 20 35 1 0 0 0 0 15 15 0 0 0 0 0 0 0 0 0 0 0 0 15 21 14 29 20 0 0 0 90bc59dafe96c97402785b619dcfdd21_1168_98
0 0 0 13 0 0 0 0 0 0 0 0 0 0 0 0 0 0 36 0 0 0 0 0 0 0 0 0 0 0 0 0 0 0 0 0 0 0 0 0 0 0 0 0 0 0 0 13 0 0 0 0 0 0 0 0 0 0 0 0 14 0 0 0 0 0 0 0 0 0 0 0 0 0 23 0 0 0 0 0 0 0 0 0 0 0 0 0 0 0 0 23 36 0 0 0 0 0 13 13 0 0 0 0 0 0 0 0 0 0 0 0 14 23 15 40 23 0 0 0 90bc59dafe96c97402785b619dcfdd21_1168_119
0 0 0 15 0 0 0 0 0 0 0 0 0 0 0 0 0 0 38 0 0 0 0 0 0 0 0 0 0 0 0 0 0 0 0 0 0 0 0 0 0 0 0 0 0 0 0 15 0 0 0 0 0 0 0 0 0 0 0 0 15 0 0 0 0 0 0 0 0 0 0 0 0 0 23 0 0 0 0 0 0 0 0 0 0 0 0 0 0 0 0 22 38 0 0 0 0 0 15 15 0 0 0 0 0 0 0 0 0 0 0 0 15 23 9 33 23 0 0 0 90bc59dafe96c97402785b619dcfdd21_1168_118
0 0 0 15 0 0 0 0 0 0 0 0 0 0 0 0 0 0 37 0 0 0 0 0 0 0 0 0 0 0 0 0 0 0 0 0 0 0 0 0 0 0 0 0 0 0 0 14 0 0 0 0 0 0 0 0 0 0 0 0 14 0 0 0 0 0 0 0 0 0 0 0 0 0 22 0 0 0 0 0 0 0 0 0 0 0 0 0 0 0 0 22 37 0 0 0 0 0 15 15 0 0 0 0 0 0 0 0 0 0 0 0 14 22 14 36 22 0 0 0 90bc59dafe96c97402785b619dcfdd21_1072_110
0 0 0 14 0 0 0 0 0 0 0 0 2 0 0 0 0 0 35 0 0 0 0 0 0 0 0 0 0 2 0 0 0 0 0 0 0 0 0 0 0 0 0 0 0 0 0 14 0 2 0 0 0 0 0 0 2 0 0 0 14 0 0 0 0 0 0 0 0 0 0 0 1 0 21 0 0 0 0 0 0 0 0 0 0 0 0 0 0 0 0 21 35 0 2 0 0 0 14 14 0 0 0 0 0 0 0 0 0 0 0 0 13 21 12 39 21 0 0 0 90bc59dafe96c97402785b619dcfdd21_1168_111
0 0 0 15 0 0 0 0 0 0 0 0 0 0 0 0 0 0 37 0 0 0 0 0 0 0 0 0 0 0 0 0 0 0 0 0 0 0 0 0 0 0 0 0 0 0 0 14 0 0 0 0 0 0 0 0 0 0 0 0 14 0 0 0 0 0 0 0 0 0 0 0 0 0 22 0 0 0 0 0 0 0 0 0 0 0 0 0 0 0 0 22 37 0 0 0 0 0 14 14 0 0 0 0 0 0 0 0 0 0 0 0 14 22 15 37 22 0 0 0 90bc59dafe96c97402785b619dcfdd21_1168_110
0 0 0 15 0 0 0 0 0 0 0 0 0 0 0 0 0 0 37 0 0 0 0 0 0 0 0 0 0 0 0 0 0 0 0 0 0 0 0 0 0 0 0 0 0 0 0 15 0 0 0 0 0 0 0 0 0 0 0 0 15 0 0 0 0 0 0 0 0 0 0 0 0 0 22 0 0 0 0 0 0 0 0 0 0 0 0 0 0 0 0 21 37 0 0 0 0 0 15 15 0 0 0 0 0 0 0 0 0 0 0 0 15 21 15 34 22 0 0 0 90bc59dafe96c97402785b619dcfdd21_1168_113
0 0 0 15 0 0 0 0 0 0 0 0 0 0 0 0 0 0 38 0 0 0 0 0 0 0 0 0 0 0 0 0 0 0 0 0 0 0 0 0 0 0 0 0 0 0 0 14 0 0 0 0 0 0 0 0 0 0 0 0 14 0 0 0 0 0 0 0 0 0 0 0 0 0 23 0 0 0 0 0 0 0 0 0 0 0 0 0 0 0 0 23 38 0 0 0 0 0 14 14 0 0 0 0 0 0 0 0 0 0 0 0 14 23 12 34 23 0 0 0 90bc59dafe96c97402785b619dcfdd21_1168_115
0 0 0 14 0 0 0 0 0 0 0 0 0 0 0 0 0 0 37 0 0 0 0 0 0 0 0 0 0 0 0 0 0 0 0 0 0 0 0 0 0 0 0 0 0 0 0 15 0 0 0 0 0 0 0 0 0 0 0 0 15 0 0 0 0 0 0 0 0 0 0 0 0 0 23 0 0 0 0 0 0 0 0 0 0 0 0 0 0 0 0 23 37 0 0 0 0 0 14 15 0 0 0 0 0 0 0 0 0 0 0 0 15 23 11 34 23 0 0 0 90bc59dafe96c97402785b619dcfdd21_1168_114
0 0 0 15 0 0 0 0 0 0 0 0 0 0 0 0 0 0 37 0 0 0 0 0 0 0 0 0 0 0 0 0 0 0 0 0 0 0 0 0 0 0 0 0 0 0 0 15 0 0 0 0 0 0 0 0 0 0 0 0 15 0 0 0 0 0 0 0 0 0 0 0 0 0 22 0 0 0 0 0 0 0 0 0 0 0 0 0 0 0 0 21 37 0 0 0 0 0 15 15 0 0 0 0 0 0 0 0 0 0 0 0 15 21 15 35 21 0 0 0 90bc59dafe96c97402785b619dcfdd21_1168_117
0 0 0 14 0 0 0 0 0 0 0 0 0 0 0 0 0 0 36 0 0 0 0 0 0 0 0 0 0 0 0 0 0 0 0 0 0 0 0 0 0 0 0 0 0 0 0 14 0 0 0 0 0 0 0 0 0 0 0 0 14 0 0 0 0 0 0 0 0 0 0 0 0 0 22 0 0 0 0 0 0 0 0 0 0 0 0 0 0 0 0 22 36 0 0 0 0 0 14 14 0 0 0 0 0 0 0 0 0 0 0 0 14 23 15 39 22 0 0 0 90bc59dafe96c97402785b619dcfdd21_1168_116
0 0 0 15 0 0 0 0 0 0 0 0 0 0 0 0 0 0 38 0 0 0 0 0 0 0 0 0 0 0 0 0 0 0 0 0 0 0 0 0 0 0 0 0 0 0 0 14 0 0 0 0 0 0 0 0 0 0 0 0 14 0 0 0 0 0 0 0 0 0 0 0 0 0 22 0 0 0 0 0 0 0 0 0 0 0 0 0 0 0 0 22 38 0 0 0 0 0 15 15 0 0 0 0 0 0 0 0 0 0 0 0 14 23 12 34 23 0 0 0 90bc59dafe96c97402785b619dcfdd21_1072_115
0 0 0 14 0 0 0 0 0 0 0 0 0 0 0 0 0 0 37 0 0 0 0 0 0 0 0 0 0 0 0 0 0 0 0 0 0 0 0 0 0 0 0 0 0 0 0 14 0 0 0 0 0 0 0 0 0 0 0 0 15 0 0 0 0 0 0 0 0 0 0 0 0 0 24 0 0 0 0 0 0 0 0 0 0 0 0 0 0 0 0 24 37 0 0 0 0 0 14 14 0 0 0 0 0 0 0 0 0 0 0 0 15 23 11 34 23 0 0 0 90bc59dafe96c97402785b619dcfdd21_1072_114
0 0 0 15 0 0 0 0 0 0 0 0 0 0 0 0 0 0 36 0 0 0 0 0 0 0 0 0 0 0 0 0 0 0 0 0 0 0 0 0 0 0 0 0 0 0 0 15 0 0 0 0 0 0 0 0 0 0 0 0 15 0 0 0 0 0 0 0 0 0 0 0 0 0 21 0 0 0 0 0 0 0 0 0 0 0 0 0 0 0 0 21 37 0 0 0 0 0 15 15 0 0 0 0 0 0 0 0 0 0 0 0 15 22 15 35 22 0 0 0 90bc59dafe96c97402785b619dcfdd21_1072_117
0 0 0 14 0 0 0 0 0 0 0 0 0 0 0 0 0 0 36 0 0 0 0 0 0 0 0 0 0 0 0 0 0 0 0 0 0 0 0 0 0 0 0 0 0 0 0 14 0 0 0 0 0 0 0 0 0 0 0 0 14 0 0 0 0 0 0 0 0 0 0 0 0 0 22 0 0 0 0 0 0 0 0 0 0 0 0 0 0 0 0 22 36 0 0 0 0 0 14 14 0 0 0 0 0 0 0 0 0 0 0 0 14 22 15 40 22 0 0 0 90bc59dafe96c97402785b619dcfdd21_1072_116
0 0 0 14 0 0 0 0 0 0 0 0 1 0 0 0 0 0 35 0 0 0 0 0 0 0 0 0 0 1 0 0 0 0 0 0 0 0 0 0 0 0 0 0 0 0 0 14 0 2 0 0 0 0 0 0 2 0 0 0 14 0 0 0 0 0 0 0 0 0 0 0 1 0 21 0 0 0 0 0 0 0 0 0 0 0 0 0 0 0 0 21 35 0 2 0 0 0 14 14 0 0 0 0 0 0 0 0 0 0 0 0 14 21 12 40 21 0 0 0 90bc59dafe96c97402785b619dcfdd21_1072_111
0 0 0 14 0 0 0 0 0 0 0 0 0 0 0 0 0 0 38 0 0 0 0 0 0 0 0 0 0 0 0 0 0 0 0 0 0 0 0 0 0 0 0 0 0 0 0 14 0 0 0 0 0 0 0 0 0 0 0 0 14 0 0 0 0 0 0 0 0 0 0 0 0 0 24 0 0 0 0 0 0 0 0 0 0 0 0 0 0 0 0 24 37 0 0 0 0 0 14 14 0 0 0 0 0 0 0 0 0 0 0 0 14 23 11 35 23 0 0 0 90bc59dafe96c97402785b619dcfdd21_1072_137
0 0 0 13 0 0 0 0 0 0 0 0 0 0 0 0 0 0 36 0 0 0 0 0 0 0 0 0 0 0 0 0 0 0 0 0 0 0 0 0 0 0 0 0 0 0 0 13 0 0 0 0 0 0 0 0 0 0 0 0 13 0 0 0 0 0 0 0 0 0 0 0 0 0 24 0 0 0 0 0 0 0 0 0 0 0 0 0 0 0 0 24 36 0 0 0 0 0 13 13 0 0 0 0 0 0 0 0 0 0 0 0 13 23 15 40 23 0 0 0 90bc59dafe96c97402785b619dcfdd21_1072_119
0 0 0 15 0 0 0 0 0 0 0 0 0 0 0 0 0 0 37 0 0 0 0 0 0 0 0 0 0 0 0 0 0 0 0 0 0 0 0 0 0 0 0 0 0 0 0 15 0 0 0 0 0 0 0 0 0 0 0 0 15 0 0 0 0 0 0 0 0 0 0 0 0 0 23 0 0 0 0 0 0 0 0 0 0 0 0 0 0 0 0 23 38 0 0 0 0 0 15 15 0 0 0 0 0 0 0 0 0 0 0 0 15 23 9 33 23 0 0 0 90bc59dafe96c97402785b619dcfdd21_1072_118
0 0 0 14 0 0 0 0 0 0 0 0 0 0 0 0 0 0 36 0 0 0 0 0 0 0 0 0 0 0 0 0 0 0 0 0 0 0 0 0 0 0 0 0 0 0 0 14 0 0 0 0 0 0 0 0 0 0 0 0 14 0 0 0 0 0 0 0 0 0 0 0 0 0 22 0 0 0 0 0 0 0 0 0 0 0 0 0 0 0 0 22 36 0 0 0 0 0 14 14 0 0 0 0 0 0 0 0 0 0 0 0 14 23 14 40 22 0 0 0 90bc59dafe96c97402785b619dcfdd21_1168_108
0 0 0 13 0 0 0 0 0 0 0 0 1 0 0 2 0 0 38 0 0 0 0 0 0 0 0 0 0 1 0 0 0 0 0 0 0 0 0 0 0 0 0 0 0 0 0 14 0 1 0 0 0 0 0 0 1 0 0 0 14 0 0 0 0 0 0 0 0 0 0 0 1 0 23 0 0 0 0 0 0 0 0 0 0 0 0 0 0 0 0 23 38 0 1 0 0 2 13 14 0 0 0 0 0 0 0 0 0 0 0 0 14 22 10 31 22 0 0 0 90bc59dafe96c97402785b619dcfdd21_1168_109
0 0 0 16 0 0 0 0 0 0 0 0 0 0 0 0 0 0 36 0 0 0 0 0 0 0 0 0 0 0 0 0 0 0 0 0 0 0 0 0 0 0 0 0 0 0 0 16 0 0 0 0 0 0 0 0 0 0 0 0 15 0 0 0 0 0 0 0 0 0 0 0 0 0 20 0 0 0 0 0 0 0 0 0 0 0 0 0 0 0 0 20 36 0 0 0 0 0 16 16 0 0 0 0 0 0 0 0 0 0 0 0 15 21 16 35 21 0 0 0 90bc59dafe96c97402785b619dcfdd21_1168_102
0 0 0 13 0 0 0 0 0 0 0 0 0 0 0 0 0 0 39 0 0 0 0 0 0 0 0 0 0 0 0 0 0 0 0 0 0 0 0 0 0 0 0 0 0 0 0 13 0 0 0 0 0 0 0 0 0 0 0 0 13 0 0 0 0 0 0 0 0 0 0 0 0 0 25 0 0 0 0 0 0 0 0 0 0 0 0 0 0 0 0 25 38 0 0 0 0 0 13 13 0 0 0 0 0 0 0 0 0 0 0 0 13 25 8 36 25 0 0 0 90bc59dafe96c97402785b619dcfdd21_1168_103
0 0 0 13 0 0 0 0 0 0 0 0 0 0 0 2 0 2 37 0 0 0 0 0 0 0 0 0 0 2 0 0 0 0 0 0 0 0 0 0 1 0 0 0 0 0 0 14 0 0 0 0 0 0 0 0 0 0 0 0 14 0 0 0 0 0 0 0 0 0 0 0 2 2 22 0 0 0 0 0 0 0 0 0 0 0 0 0 0 0 0 22 37 0 0 0 0 0 13 14 0 0 1 0 0 1 0 0 0 0 0 0 14 21 10 34 21 0 0 0 90bc59dafe96c97402785b619dcfdd21_1168_100
0 0 0 15 0 0 0 0 0 0 0 0 0 0 0 0 0 0 37 0 0 0 0 0 0 0 0 0 0 0 0 0 0 0 0 0 0 0 0 0 0 0 0 0 0 0 0 14 0 0 0 0 0 0 0 0 0 0 0 0 14 0 0 0 0 0 0 0 0 0 0 0 0 0 22 0 0 0 0 0 0 0 0 0 0 0 0 0 0 0 0 22 37 0 0 0 0 0 14 14 0 0 0 0 0 0 0 0 0 0 0 0 15 22 15 36 22 0 0 0 90bc59dafe96c97402785b619dcfdd21_1168_101
0 0 0 14 0 0 0 0 0 0 0 0 0 0 0 0 0 0 37 0 0 0 0 0 0 0 0 0 0 0 0 0 0 0 0 0 0 0 0 0 0 0 0 0 0 0 0 14 0 0 0 0 0 0 0 0 0 0 0 0 14 0 0 0 0 0 0 0 0 0 0 0 0 0 23 0 0 0 0 0 0 0 0 0 0 0 0 0 0 0 0 24 38 0 0 0 0 0 14 14 0 0 0 0 0 0 0 0 0 0 0 0 14 24 9 36 24 0 0 0 90bc59dafe96c97402785b619dcfdd21_1168_106
0 0 0 14 0 0 0 0 0 0 0 0 0 0 0 0 0 0 36 0 0 0 0 0 0 0 0 0 0 0 0 0 0 0 0 0 0 0 0 0 0 0 0 0 0 0 0 15 0 0 0 0 0 0 0 0 0 0 0 0 15 0 0 0 0 0 0 0 0 0 0 0 0 0 22 0 0 0 0 0 0 0 0 0 0 0 0 0 0 0 0 22 36 0 0 0 0 0 15 15 0 0 0 0 0 0 0 0 0 0 0 0 15 21 15 37 21 0 0 0 90bc59dafe96c97402785b619dcfdd21_1168_107
0 0 0 15 0 0 0 0 0 0 0 0 0 0 0 0 0 0 36 0 0 0 0 0 0 0 0 0 0 0 0 0 0 0 0 0 0 0 0 0 0 0 0 0 0 0 0 15 0 0 0 0 0 0 0 0 0 0 0 0 15 0 0 0 0 0 0 0 0 0 0 0 0 0 21 0 0 0 0 0 0 0 0 0 0 0 0 0 0 0 0 22 36 0 0 0 0 0 15 15 0 0 0 0 0 0 0 0 0 0 0 0 15 21 15 37 21 0 0 0 90bc59dafe96c97402785b619dcfdd21_1168_104
0 0 0 15 0 0 0 0 0 0 0 0 0 0 0 0 0 0 37 0 0 0 0 0 0 0 0 0 0 0 0 0 0 0 0 0 0 0 0 0 0 0 0 0 0 0 0 15 0 0 0 0 0 0 0 0 0 0 0 0 15 0 0 0 0 0 0 0 0 0 0 0 0 0 21 0 0 0 0 0 0 0 0 0 0 0 0 0 0 0 0 21 37 0 0 0 0 0 15 15 0 0 0 0 0 0 0 0 0 0 0 0 15 22 14 35 22 0 0 0 90bc59dafe96c97402785b619dcfdd21_1168_105
0 0 0 16 0 0 0 0 0 0 0 0 0 0 0 0 0 0 37 0 0 0 0 0 0 0 0 0 0 0 0 0 0 0 0 0 0 0 0 0 0 0 0 0 0 0 0 15 0 0 0 0 0 0 0 0 0 0 0 0 15 0 0 0 0 0 0 0 0 0 0 0 0 0 21 0 0 0 0 0 0 0 0 0 0 0 0 0 0 0 0 21 37 0 0 0 0 0 15 15 0 0 0 0 0 0 0 0 0 0 0 0 15 21 15 35 21 0 0 0 90bc59dafe96c97402785b619dcfdd21_1168_68
0 0 0 15 0 0 0 0 0 0 0 0 0 0 0 0 0 0 36 0 0 0 0 0 0 0 0 0 0 0 0 0 0 0 0 0 0 0 0 0 0 0 0 0 0 0 0 15 0 0 0 0 0 0 0 0 0 0 0 0 16 0 0 0 0 0 0 0 0 0 0 0 0 0 21 0 0 0 0 0 0 0 0 0 0 0 0 0 0 0 0 21 36 0 0 0 0 0 15 15 0 0 0 0 0 0 0 0 0 0 0 0 16 20 16 36 21 0 0 0 90bc59dafe96c97402785b619dcfdd21_1168_69
0 0 0 15 0 0 0 0 0 0 0 0 0 0 0 0 0 0 37 0 0 0 0 0 0 0 0 0 0 0 0 0 0 0 0 0 0 0 0 0 0 0 0 0 0 0 0 15 0 0 0 0 0 0 0 0 0 0 0 0 15 0 0 0 0 0 0 0 0 0 0 0 0 0 21 0 0 0 0 0 0 0 0 0 0 0 0 0 0 0 0 21 37 0 0 0 0 0 15 15 0 0 0 0 0 0 0 0 0 0 0 0 15 22 13 36 22 0 0 0 90bc59dafe96c97402785b619dcfdd21_1168_64
0 0 0 13 0 0 0 0 0 0 0 0 0 0 0 0 0 0 38 0 0 0 0 0 0 0 0 0 0 0 0 0 0 0 0 0 0 0 0 0 0 0 0 0 0 0 0 14 0 0 0 0 0 0 0 0 0 0 0 0 14 0 0 0 0 0 0 0 0 0 0 0 0 0 24 0 0 0 0 0 0 0 0 0 0 0 0 0 0 0 0 25 38 0 0 0 0 0 14 14 0 0 0 0 0 0 0 0 0 0 0 0 14 24 10 33 24 0 0 0 90bc59dafe96c97402785b619dcfdd21_1168_65
0 0 0 15 0 0 0 0 0 0 0 0 0 0 0 0 0 0 36 0 0 0 0 0 0 0 0 0 0 0 0 0 0 0 0 0 0 0 0 0 0 0 0 0 0 0 0 15 0 0 0 0 0 0 0 0 0 0 0 0 15 0 0 0 0 0 0 0 0 0 0 0 0 0 21 0 0 0 0 0 0 0 0 0 0 0 0 0 0 0 0 21 36 0 0 0 0 0 15 15 0 0 0 0 0 0 0 0 0 0 0 0 15 22 16 35 22 0 0 0 90bc59dafe96c97402785b619dcfdd21_1168_66
0 0 0 12 0 0 0 0 0 0 0 0 0 0 0 0 0 0 37 0 0 0 0 0 0 0 0 0 0 0 0 0 0 0 0 0 0 0 0 0 0 0 0 0 0 0 0 13 0 0 0 0 0 0 0 0 0 0 0 0 13 0 0 0 0 0 0 0 0 0 0 0 0 0 25 0 0 0 0 0 0 0 0 0 0 0 0 0 0 0 0 25 36 0 0 0 0 0 12 13 0 0 0 0 0 0 0 0 0 0 0 0 13 24 12 40 24 0 0 0 90bc59dafe96c97402785b619dcfdd21_1168_67
0 0 0 14 0 0 0 0 0 0 0 0 0 0 0 0 0 0 39 0 0 0 0 0 0 0 0 0 0 0 0 0 0 0 0 0 0 0 0 0 0 0 0 0 0 0 0 13 0 0 0 0 0 0 0 0 0 0 0 0 13 0 0 0 0 0 0 0 0 0 0 0 0 0 25 0 0 0 0 0 0 0 0 0 0 0 0 0 0 0 0 25 39 0 0 0 0 0 14 13 0 0 0 0 0 0 0 0 0 0 0 0 13 26 9 30 26 0 0 0 90bc59dafe96c97402785b619dcfdd21_1168_60
0 0 0 14 0 0 0 0 0 0 0 0 0 0 0 0 0 0 36 0 0 0 0 0 0 0 0 0 0 0 0 0 0 0 0 0 0 0 0 0 0 0 0 0 0 0 0 15 0 0 0 0 0 0 0 0 0 0 0 0 15 0 0 0 0 0 0 0 0 0 0 0 0 0 22 0 0 0 0 0 0 0 0 0 0 0 0 0 0 0 0 22 36 0 0 0 0 0 15 15 0 0 0 0 0 0 0 0 0 0 0 0 15 21 15 37 21 0 0 0 90bc59dafe96c97402785b619dcfdd21_1168_61
0 0 0 16 0 0 0 0 0 0 0 0 0 0 0 0 0 0 36 0 0 0 0 0 0 0 0 0 0 0 0 0 0 0 0 0 0 0 0 0 0 0 0 0 0 0 0 15 0 0 0 0 0 0 0 0 0 0 0 0 15 0 0 0 0 0 0 0 0 0 0 0 0 0 21 0 0 0 0 0 0 0 0 0 0 0 0 0 0 0 0 21 36 0 0 0 0 0 15 15 0 0 0 0 0 0 0 0 0 0 0 0 15 22 15 35 22 0 0 0 90bc59dafe96c97402785b619dcfdd21_1168_62
0 0 0 16 0 0 0 0 0 0 0 0 0 0 0 0 0 0 37 0 0 0 0 0 0 0 0 0 0 0 0 0 0 0 0 0 0 0 0 0 0 0 0 0 0 0 0 16 0 0 0 0 0 0 0 0 0 0 0 0 16 0 0 0 0 0 0 0 0 0 0 0 0 0 21 0 0 0 0 0 0 0 0 0 0 0 0 0 0 0 0 21 36 0 0 0 0 0 16 16 0 0 0 0 0 0 0 0 0 0 0 0 16 20 10 38 20 0 0 0 90bc59dafe96c97402785b619dcfdd21_1168_63
0 0 0 16 0 0 0 0 0 0 0 0 0 0 0 0 0 0 37 0 0 0 0 0 0 0 0 0 0 0 0 0 0 0 0 0 0 0 0 0 0 0 0 0 0 0 0 15 0 0 0 0 0 0 0 0 0 0 0 0 15 0 0 0 0 0 0 0 0 0 0 0 0 0 21 0 0 0 0 0 0 0 0 0 0 0 0 0 0 0 0 20 37 0 0 0 0 0 16 16 0 0 0 0 0 0 0 0 0 0 0 0 15 21 15 34 21 0 0 0 90bc59dafe96c97402785b619dcfdd21_1072_68
0 0 0 15 0 0 0 0 0 0 0 0 0 0 0 0 0 0 36 0 0 0 0 0 0 0 0 0 0 0 0 0 0 0 0 0 0 0 0 0 0 0 0 0 0 0 0 15 0 0 0 0 0 0 0 0 0 0 0 0 15 0 0 0 0 0 0 0 0 0 0 0 0 0 21 0 0 0 0 0 0 0 0 0 0 0 0 0 0 0 0 22 37 0 0 0 0 0 15 15 0 0 0 0 0 0 0 0 0 0 0 0 15 22 15 34 22 0 0 0 90bc59dafe96c97402785b619dcfdd21_1072_113
0 0 0 14 0 1 1 3 1 1 0 2 0 0 0 0 0 0 32 1 0 0 0 0 0 0 0 0 0 4 0 1 0 0 0 0 0 0 0 0 0 0 1 1 0 0 0 13 0 0 1 0 0 0 1 0 0 0 1 1 13 0 0 0 0 0 1 0 0 0 0 3 4 2 19 0 0 0 0 0 0 0 0 0 0 1 1 0 1 0 0 19 32 2 0 0 0 0 13 13 0 0 0 0 0 0 0 0 0 0 0 0 13 19 11 33 19 0 0 0 90bc59dafe96c97402785b619dcfdd21_1072_84
0 0 0 15 0 0 0 0 0 0 0 0 0 0 0 0 0 0 37 0 0 0 0 0 0 0 0 0 0 0 0 0 0 0 0 0 0 0 0 0 0 0 0 0 0 0 0 15 0 0 0 0 0 0 0 0 0 0 0 0 15 0 0 0 0 0 0 0 0 0 0 0 0 0 22 0 0 0 0 0 0 0 0 0 0 0 0 0 0 0 0 22 38 0 0 0 0 0 15 15 0 0 0 0 0 0 0 0 0 0 0 0 15 22 14 31 23 0 0 0 90bc59dafe96c97402785b619dcfdd21_1072_82
0 0 0 13 0 0 0 0 0 0 0 0 0 0 0 0 0 0 36 0 0 0 0 0 0 0 0 0 0 0 0 0 0 0 0 0 0 0 0 0 0 0 0 0 0 0 0 14 0 0 0 0 0 0 0 0 0 0 0 0 14 0 0 0 0 0 0 0 0 0 0 0 0 0 24 0 0 0 0 0 0 0 0 0 0 0 0 0 0 0 0 24 37 0 0 0 0 0 14 14 0 0 0 0 0 0 0 0 0 0 0 0 14 23 12 37 23 0 0 0 90bc59dafe96c97402785b619dcfdd21_1072_83
0 0 0 14 0 0 0 0 0 0 0 0 0 0 0 0 0 0 36 0 0 0 0 0 0 0 0 0 0 0 0 0 0 0 0 0 0 0 0 0 0 0 0 0 0 0 0 14 0 0 0 0 0 0 0 0 0 0 0 0 14 0 0 0 0 0 0 0 0 0 0 0 0 0 22 0 0 0 0 0 0 0 0 0 0 0 0 0 0 0 0 22 36 0 0 0 0 0 14 14 0 0 0 0 0 0 0 0 0 0 0 0 14 23 13 41 22 0 0 0 90bc59dafe96c97402785b619dcfdd21_1072_80
0 0 0 15 0 0 0 0 0 0 0 0 0 0 0 0 0 0 37 0 0 0 0 0 0 0 0 0 0 0 0 0 0 0 0 0 0 0 0 0 0 0 0 0 0 0 0 15 0 0 0 0 0 0 0 0 0 0 0 0 15 0 0 0 0 0 0 0 0 0 0 0 0 0 22 0 0 0 0 0 0 0 0 0 0 0 0 0 0 0 0 22 37 0 0 0 0 0 15 15 0 0 0 0 0 0 0 0 0 0 0 0 15 21 14 35 21 0 0 0 90bc59dafe96c97402785b619dcfdd21_1072_81
0 0 0 15 0 0 0 0 0 0 0 0 0 0 0 0 0 0 37 0 0 0 0 0 0 0 0 0 0 0 0 0 0 0 0 0 0 0 0 0 0 0 0 0 0 0 0 14 0 0 0 0 0 0 0 0 0 0 0 0 14 0 0 0 0 0 0 0 0 0 0 0 0 0 22 0 0 0 0 0 0 0 0 0 0 0 0 0 0 0 0 22 36 0 0 0 0 0 14 14 0 0 0 0 0 0 0 0 0 0 0 0 14 22 14 39 22 0 0 0 90bc59dafe96c97402785b619dcfdd21_1072_108
0 0 0 13 0 0 0 0 0 0 0 0 1 0 0 2 0 0 38 0 0 0 0 0 0 0 0 0 0 1 0 0 0 0 0 0 0 0 0 0 0 0 0 0 0 0 0 13 0 1 0 0 0 0 0 0 1 0 0 0 14 0 0 0 0 0 0 0 0 0 0 0 1 0 23 0 0 0 0 0 0 0 0 0 0 0 0 0 0 0 0 23 38 0 1 0 0 2 13 13 0 0 0 0 0 0 0 0 0 0 0 0 14 23 10 31 23 0 0 0 90bc59dafe96c97402785b619dcfdd21_1072_109
0 0 0 15 0 0 0 0 0 0 0 0 0 0 0 0 0 0 36 0 0 0 0 0 0 0 0 0 0 0 0 0 0 0 0 0 0 0 0 0 0 0 0 0 0 0 0 14 0 0 0 0 0 0 0 0 0 0 0 0 14 0 0 0 0 0 0 0 0 0 0 0 0 0 22 0 0 0 0 0 0 0 0 0 0 0 0 0 0 0 0 22 36 0 0 0 0 0 14 14 0 0 0 0 0 0 0 0 0 0 0 0 14 22 15 39 22 0 0 0 90bc59dafe96c97402785b619dcfdd21_1168_139
0 0 0 15 0 0 0 0 0 0 0 0 0 0 0 0 0 0 36 0 0 0 0 0 0 0 0 0 0 0 0 0 0 0 0 0 0 0 0 0 0 0 0 0 0 0 0 15 0 0 0 0 0 0 0 0 0 0 0 0 15 0 0 0 0 0 0 0 0 0 0 0 0 0 21 0 0 0 0 0 0 0 0 0 0 0 0 0 0 0 0 21 37 0 0 0 0 0 16 16 0 0 0 0 0 0 0 0 0 0 0 0 15 21 15 35 21 0 0 0 90bc59dafe96c97402785b619dcfdd21_1168_138
0 0 0 14 0 0 0 0 0 0 0 0 0 0 0 0 0 0 37 0 0 0 0 0 0 0 0 0 0 0 0 0 0 0 0 0 0 0 0 0 0 0 0 0 0 0 0 14 0 0 0 0 0 0 0 0 0 0 0 0 15 0 0 0 0 0 0 0 0 0 0 0 0 0 23 0 0 0 0 0 0 0 0 0 0 0 0 0 0 0 0 24 37 0 0 0 0 0 14 14 0 0 0 0 0 0 0 0 0 0 0 0 15 23 11 35 23 0 0 0 90bc59dafe96c97402785b619dcfdd21_1168_137
0 0 0 14 0 0 0 0 0 0 0 0 0 0 0 0 0 0 38 0 0 0 0 0 0 0 0 0 0 0 0 0 0 0 0 0 0 0 0 0 0 0 0 0 0 0 0 13 0 0 0 0 0 0 0 0 0 0 0 0 13 0 0 0 0 0 0 0 0 0 0 0 0 0 23 0 0 0 0 0 0 0 0 0 0 0 0 0 0 0 0 23 38 0 0 0 0 0 13 13 0 0 0 0 0 0 0 0 0 0 0 0 13 24 12 38 24 0 0 0 90bc59dafe96c97402785b619dcfdd21_1168_136
0 0 0 16 0 0 0 0 0 0 0 0 0 0 0 0 0 0 37 0 0 0 0 0 0 0 0 0 0 0 0 0 0 0 0 0 0 0 0 0 0 0 0 0 0 0 0 16 0 0 0 0 0 0 0 0 0 0 0 0 16 0 0 0 0 0 0 0 0 0 0 0 0 0 21 0 0 0 0 0 0 0 0 0 0 0 0 0 0 0 0 21 37 0 0 0 0 0 16 16 0 0 0 0 0 0 0 0 0 0 0 0 16 21 14 31 21 0 0 0 90bc59dafe96c97402785b619dcfdd21_1168_135
0 0 0 13 0 0 0 0 0 0 0 0 0 0 0 0 0 0 36 0 0 0 0 0 0 0 0 0 0 0 0 0 0 0 0 0 0 0 0 0 0 0 0 0 0 0 0 14 0 0 0 0 0 0 0 0 0 0 0 0 14 0 0 0 0 0 0 0 0 0 0 0 0 0 23 0 0 0 0 0 0 0 0 0 0 0 0 0 0 0 0 23 36 0 0 0 0 0 13 13 0 0 0 0 0 0 0 0 0 0 0 0 14 23 14 40 23 0 0 0 90bc59dafe96c97402785b619dcfdd21_1168_134
0 0 0 14 0 0 0 0 0 0 0 0 0 0 0 0 0 0 36 0 0 0 0 0 0 0 0 0 0 0 0 0 0 0 0 0 0 0 0 0 0 0 0 0 0 0 0 14 0 0 0 0 0 0 0 0 0 0 0 0 14 0 0 0 0 0 0 0 0 0 0 0 0 0 23 0 0 0 0 0 0 0 0 0 0 0 0 0 0 0 0 23 36 0 0 0 0 0 14 14 0 0 0 0 0 0 0 0 0 0 0 0 14 22 14 39 22 0 0 0 90bc59dafe96c97402785b619dcfdd21_1168_133
0 0 0 16 0 0 0 0 0 0 0 0 0 0 0 1 0 0 38 0 0 0 0 0 0 0 0 0 0 0 0 0 0 0 0 0 0 0 0 0 0 0 0 0 0 0 0 15 0 0 0 0 0 0 0 0 0 0 0 0 15 0 0 0 0 0 0 0 0 0 0 0 0 0 21 0 0 0 0 0 0 0 0 0 0 0 0 0 0 0 0 21 39 0 0 0 0 1 16 15 0 0 0 0 0 0 0 0 0 0 0 0 15 22 10 32 22 0 0 0 90bc59dafe96c97402785b619dcfdd21_1168_132
0 0 0 14 0 0 0 0 0 0 0 0 0 0 0 0 0 0 37 0 0 0 0 0 0 0 0 0 0 0 0 0 0 0 0 0 0 0 0 0 0 0 0 0 0 0 0 15 0 0 0 0 0 0 0 0 0 0 0 0 15 0 0 0 0 0 0 0 0 0 0 0 0 0 23 0 0 0 0 0 0 0 0 0 0 0 0 0 0 0 0 23 36 0 0 0 0 0 14 14 0 0 0 0 0 0 0 0 0 0 0 0 15 22 14 35 22 0 0 0 90bc59dafe96c97402785b619dcfdd21_1168_131
0 0 0 13 0 0 0 0 0 0 0 0 0 0 0 0 0 0 36 0 0 0 0 0 0 0 0 0 0 0 0 0 0 0 0 0 0 0 0 0 0 0 0 0 0 0 0 13 0 0 0 0 0 0 0 0 0 0 0 0 13 0 0 0 0 0 0 0 0 0 0 0 0 0 23 0 0 0 0 0 0 0 0 0 0 0 0 0 0 0 0 23 36 0 0 0 0 0 13 13 0 0 0 0 0 0 0 0 0 0 0 0 13 23 15 41 24 0 0 0 90bc59dafe96c97402785b619dcfdd21_1168_130
0 0 0 14 0 0 0 0 0 0 0 0 0 0 0 0 0 0 37 0 0 0 0 0 0 0 0 0 0 0 0 0 0 0 0 0 0 0 0 0 0 0 0 0 0 0 0 14 0 0 0 0 0 0 0 0 0 0 0 0 13 0 0 0 0 0 0 0 0 0 0 0 0 0 23 0 0 0 0 0 0 0 0 0 0 0 0 0 0 0 0 23 37 0 0 0 0 0 14 14 0 0 0 0 0 0 0 0 0 0 0 0 13 24 12 38 23 0 0 0 90bc59dafe96c97402785b619dcfdd21_1168_79
0 0 0 16 0 0 0 0 0 0 0 0 0 0 0 0 0 0 37 0 0 0 0 0 0 0 0 0 0 0 0 0 0 0 0 0 0 0 0 0 0 0 0 0 0 0 0 16 0 0 0 0 0 0 0 0 0 0 0 0 15 0 0 0 0 0 0 0 0 0 0 0 0 0 21 0 0 0 0 0 0 0 0 0 0 0 0 0 0 0 0 21 37 0 0 0 0 0 16 16 0 0 0 0 0 0 0 0 0 0 0 0 16 21 15 31 21 0 0 0 90bc59dafe96c97402785b619dcfdd21_1168_78
0 0 0 13 0 0 0 0 0 0 0 0 0 0 0 0 0 0 36 0 0 0 0 0 0 0 0 0 0 0 0 0 0 0 0 0 0 0 0 0 0 0 0 0 0 0 0 13 0 0 0 0 0 0 0 0 0 0 0 0 13 0 0 0 0 0 0 0 0 0 0 0 0 0 23 0 0 0 0 0 0 0 0 0 0 0 0 0 0 0 0 23 36 0 0 0 0 0 13 13 0 0 0 0 0 0 0 0 0 0 0 0 14 23 14 42 23 0 0 0 90bc59dafe96c97402785b619dcfdd21_1168_77
0 0 0 14 0 0 0 0 0 0 0 0 0 0 0 0 0 0 37 0 0 0 0 0 0 0 0 0 0 0 0 0 0 0 0 0 0 0 0 0 0 0 0 0 0 0 0 14 0 0 0 0 0 0 0 0 0 0 0 0 14 0 0 0 0 0 0 0 0 0 0 0 0 0 23 0 0 0 0 0 0 0 0 0 0 0 0 0 0 0 0 23 37 0 0 0 0 0 14 14 0 0 0 0 0 0 0 0 0 0 0 0 14 22 14 37 22 0 0 0 90bc59dafe96c97402785b619dcfdd21_1168_76
0 0 0 16 0 0 0 0 0 0 0 0 0 0 0 0 0 0 38 0 0 0 0 0 0 0 0 0 0 0 0 0 0 0 0 0 0 0 0 0 0 0 0 0 0 0 0 16 0 0 0 0 0 0 0 0 0 0 0 0 16 0 0 0 0 0 0 0 0 0 0 0 0 0 22 0 0 0 0 0 0 0 0 0 0 0 0 0 0 0 0 22 38 0 0 0 0 0 16 16 0 0 0 0 0 0 0 0 0 0 0 0 16 23 10 28 22 0 0 0 90bc59dafe96c97402785b619dcfdd21_1168_75
0 0 0 14 0 0 0 0 0 0 0 0 0 0 0 0 0 0 36 0 0 0 0 0 0 0 0 0 0 0 0 0 0 0 0 0 0 0 0 0 0 0 0 0 0 0 0 14 0 0 0 0 0 0 0 0 0 0 0 0 14 0 0 0 0 0 0 0 0 0 0 0 0 0 22 0 0 0 0 0 0 0 0 0 0 0 0 0 0 0 0 22 36 0 0 0 0 0 14 14 0 0 0 0 0 0 0 0 0 0 0 0 14 22 15 40 22 0 0 0 90bc59dafe96c97402785b619dcfdd21_1168_74
0 0 0 16 0 0 0 0 0 0 0 0 0 0 0 0 0 0 38 0 0 0 0 0 0 0 0 0 0 0 0 0 0 0 0 0 0 0 0 0 0 0 0 0 0 0 0 16 0 0 0 0 0 0 0 0 0 0 0 0 16 0 0 0 0 0 0 0 0 0 0 0 0 0 21 0 0 0 0 0 0 0 0 0 0 0 0 0 0 0 0 21 38 0 0 0 0 0 16 16 0 0 0 0 0 0 0 0 0 0 0 0 16 21 9 33 22 0 0 0 90bc59dafe96c97402785b619dcfdd21_1168_73
0 0 0 14 0 0 0 0 0 0 0 0 0 0 0 0 0 0 36 0 0 0 0 0 0 0 0 0 0 0 0 0 0 0 0 0 0 0 0 0 0 0 0 0 0 0 0 14 0 0 0 0 0 0 0 0 0 0 0 0 14 0 0 0 0 0 0 0 0 0 0 0 0 0 22 0 0 0 0 0 0 0 0 0 0 0 0 0 0 0 0 22 36 0 0 0 0 0 14 14 0 0 0 0 0 0 0 0 0 0 0 0 14 21 16 41 21 0 0 0 90bc59dafe96c97402785b619dcfdd21_1168_72
0 0 0 16 0 0 0 0 0 0 0 0 0 0 0 0 0 0 37 0 0 0 0 0 0 0 0 0 0 0 0 0 0 0 0 0 0 0 0 0 0 0 0 0 0 0 0 15 0 0 0 0 0 0 0 0 0 0 0 0 15 0 0 0 0 0 0 0 0 0 0 0 0 0 21 0 0 0 0 0 0 0 0 0 0 0 0 0 0 0 0 21 36 0 0 0 0 0 15 15 0 0 0 0 0 0 0 0 0 0 0 0 15 22 15 35 21 0 0 0 90bc59dafe96c97402785b619dcfdd21_1168_71
0 0 0 12 0 0 0 0 0 0 0 0 0 0 0 0 0 0 39 0 0 0 0 0 0 0 0 0 0 0 0 0 0 0 0 0 0 0 0 0 0 0 0 0 0 0 0 12 0 0 0 0 0 0 0 0 0 0 0 0 12 0 0 0 0 0 0 0 0 0 0 0 0 0 27 0 0 0 0 0 0 0 0 0 0 0 0 0 0 0 0 27 39 0 0 0 0 0 13 13 0 0 0 0 0 0 0 0 0 0 0 0 12 27 7 32 27 0 0 0 90bc59dafe96c97402785b619dcfdd21_1168_70
0 0 0 14 0 0 0 0 0 0 0 0 2 0 0 0 0 0 35 0 0 0 0 0 0 1 0 0 0 0 0 0 0 0 0 0 0 0 0 0 0 0 0 0 0 0 0 14 0 0 0 0 1 1 1 0 0 0 0 0 14 0 0 1 0 0 0 0 0 0 1 0 2 0 21 0 0 0 0 0 0 0 0 0 0 1 0 0 0 0 0 21 35 0 0 0 0 0 14 14 0 0 0 0 0 0 0 0 0 0 0 0 14 21 15 35 21 0 0 0 90bc59dafe96c97402785b619dcfdd21_1072_91
0 0 0 13 0 0 0 0 1 0 0 0 0 0 0 0 1 0 34 0 0 0 0 0 0 0 0 0 0 0 0 0 0 3 0 0 0 0 0 0 0 0 0 1 0 0 0 14 0 0 0 0 0 3 2 0 0 0 0 0 14 1 0 1 0 0 2 0 0 0 0 0 2 0 20 2 0 0 0 0 0 0 0 1 0 2 0 1 0 1 0 20 34 2 0 0 0 0 14 14 0 0 0 0 0 0 0 0 0 0 0 0 14 20 13 29 20 0 0 0 90bc59dafe96c97402785b619dcfdd21_1072_95
0 0 0 12 0 1 1 3 1 1 0 2 0 0 0 0 1 0 31 1 0 0 0 0 0 0 0 0 0 4 0 1 0 3 0 0 0 0 0 0 0 0 1 1 0 0 0 12 0 0 1 0 0 0 1 0 0 0 1 1 12 0 0 0 0 0 2 0 0 0 0 3 4 2 19 2 0 0 0 0 0 0 0 1 0 1 1 0 1 1 0 19 31 2 0 0 0 0 12 12 0 0 0 0 0 0 0 0 0 0 0 0 12 19 10 34 19 0 0 0 90bc59dafe96c97402785b619dcfdd21_1072_97
0 0 0 14 0 0 0 0 0 0 0 0 0 0 0 0 0 0 37 0 0 0 0 0 0 0 0 0 0 0 0 0 0 0 0 0 0 0 0 0 0 0 0 0 0 0 0 14 0 0 0 0 0 0 0 0 0 0 0 0 14 0 0 0 0 0 0 0 0 0 0 0 0 0 23 0 0 0 0 0 0 0 0 0 0 0 0 0 0 0 0 23 37 0 0 0 0 0 14 14 0 0 0 0 0 0 0 0 0 0 0 0 14 23 12 37 23 0 0 0 90bc59dafe96c97402785b619dcfdd21_1072_96
0 0 0 13 0 0 0 0 0 0 0 0 0 0 0 0 0 0 37 0 0 0 0 0 0 0 0 0 0 0 0 0 0 0 0 0 0 0 0 0 0 0 0 0 0 0 0 13 0 0 0 0 0 0 0 0 0 0 0 0 13 0 0 0 0 0 0 0 0 0 0 0 0 0 24 0 0 0 0 0 0 0 0 0 0 0 0 0 0 0 0 24 37 0 0 0 0 0 13 13 0 0 0 0 0 0 0 0 0 0 0 0 13 25 12 38 24 0 0 0 90bc59dafe96c97402785b619dcfdd21_1072_99
0 0 0 14 0 0 0 0 0 0 0 1 0 0 0 0 1 0 35 0 0 0 0 0 0 0 0 0 0 2 0 0 0 3 0 0 0 0 0 0 0 0 0 0 0 0 0 15 0 0 0 0 0 0 1 0 0 0 0 0 15 0 0 1 0 0 0 0 0 0 0 0 2 0 20 0 1 0 0 0 0 0 0 1 0 1 0 1 0 1 0 20 35 1 0 0 0 0 15 15 0 0 0 0 0 0 0 0 0 0 0 0 15 20 14 29 20 0 0 0 90bc59dafe96c97402785b619dcfdd21_1072_98
0 0 0 15 0 0 0 0 0 0 0 0 0 0 0 0 0 0 37 0 0 0 0 0 0 0 0 0 0 0 0 0 0 0 0 0 0 0 0 0 0 0 0 0 0 0 0 14 0 0 0 0 0 0 0 0 0 0 0 0 14 0 0 0 0 0 0 0 0 0 0 0 0 0 22 0 0 0 0 0 0 0 0 0 0 0 0 0 0 0 0 22 37 0 0 0 0 0 15 15 0 0 0 0 0 0 0 0 0 0 0 0 14 22 14 36 22 0 0 0 90bc59dafe96c97402785b619dcfdd21_1168_120
0 0 0 15 0 0 0 0 0 0 0 0 0 0 0 0 0 0 37 0 0 0 0 0 0 0 0 0 0 0 0 0 0 0 0 0 0 0 0 0 0 0 0 0 0 0 0 15 0 0 0 0 0 0 0 0 0 0 0 0 15 0 0 0 0 0 0 0 0 0 0 0 0 0 22 0 0 0 0 0 0 0 0 0 0 0 0 0 0 0 0 22 37 0 0 0 0 0 15 15 0 0 0 0 0 0 0 0 0 0 0 0 15 22 11 36 22 0 0 0 90bc59dafe96c97402785b619dcfdd21_1168_121
0 0 0 14 0 0 0 0 0 0 0 0 0 0 0 0 0 0 37 0 0 0 0 0 0 0 0 0 0 0 0 0 0 0 0 0 0 0 0 0 0 0 0 0 0 0 0 14 0 0 0 0 0 0 0 0 0 0 0 0 14 0 0 0 0 0 0 0 0 0 0 0 0 0 23 0 0 0 0 0 0 0 0 0 0 0 0 0 0 0 0 23 37 0 0 0 0 0 14 14 0 0 0 0 0 0 0 0 0 0 0 0 15 22 14 35 23 0 0 0 90bc59dafe96c97402785b619dcfdd21_1168_122
0 0 0 14 0 0 0 0 0 0 0 0 0 0 0 0 0 0 36 0 0 0 0 0 0 0 0 0 0 0 0 0 0 0 0 0 0 0 0 0 0 0 0 0 0 0 0 15 0 0 0 0 0 0 0 0 0 0 0 0 14 0 0 0 0 0 0 0 0 0 0 0 0 0 22 0 0 0 0 0 0 0 0 0 0 0 0 0 0 0 0 22 36 0 0 0 0 0 14 14 0 0 0 0 0 0 0 0 0 0 0 0 14 22 13 41 22 0 0 0 90bc59dafe96c97402785b619dcfdd21_1168_123
0 0 0 16 0 0 0 0 0 0 0 0 0 0 0 0 0 0 38 0 0 0 0 0 0 0 0 0 0 0 0 0 0 0 0 0 0 0 0 0 0 0 0 0 0 0 0 15 0 0 0 0 0 0 0 0 0 0 0 0 15 0 0 0 0 0 0 0 0 0 0 0 0 0 22 0 0 0 0 0 0 0 0 0 0 0 0 0 0 0 0 21 38 0 0 0 0 0 16 15 0 0 0 0 0 0 0 0 0 0 0 0 15 22 14 30 22 0 0 0 90bc59dafe96c97402785b619dcfdd21_1168_124
0 0 0 14 0 0 0 0 0 0 0 0 0 0 0 0 0 0 37 0 0 0 0 0 0 0 0 0 0 0 0 0 0 0 0 0 0 0 0 0 0 0 0 0 0 0 0 14 0 0 0 0 0 0 0 0 0 0 0 0 14 0 0 0 0 0 0 0 0 0 0 0 0 0 23 0 0 0 0 0 0 0 0 0 0 0 0 0 0 0 0 23 37 0 0 0 0 0 14 14 0 0 0 0 0 0 0 0 0 0 0 0 14 23 12 37 23 0 0 0 90bc59dafe96c97402785b619dcfdd21_1168_125
0 0 0 15 0 0 0 0 0 0 0 0 0 0 0 0 0 0 37 0 0 0 0 0 0 0 0 0 0 0 0 0 0 0 0 0 0 0 0 0 0 0 0 0 0 0 0 15 0 0 0 0 0 0 0 0 0 0 0 0 15 0 0 0 0 0 0 0 0 0 0 0 0 0 22 0 0 0 0 0 0 0 0 0 0 0 0 0 0 0 0 22 37 0 0 0 0 0 15 15 0 0 0 0 0 0 0 0 0 0 0 0 15 22 12 35 22 0 0 0 90bc59dafe96c97402785b619dcfdd21_1168_126
0 0 0 14 0 0 0 0 0 0 0 0 0 0 0 0 0 0 37 0 0 0 0 0 0 0 0 0 0 0 0 0 0 0 0 0 0 0 0 0 0 0 0 0 0 0 0 14 0 0 0 0 0 0 0 0 0 0 0 0 14 0 0 0 0 0 0 0 0 0 0 0 0 0 23 0 0 0 0 0 0 0 0 0 0 0 0 0 0 0 0 23 37 0 0 0 0 0 14 14 0 0 0 0 0 0 0 0 0 0 0 0 14 22 14 37 22 0 0 0 90bc59dafe96c97402785b619dcfdd21_1168_127
0 0 0 14 0 0 0 0 0 0 0 0 0 0 0 0 0 0 36 0 0 0 0 0 0 0 0 0 0 0 0 0 0 0 0 0 0 0 0 0 0 0 0 0 0 0 0 14 0 0 0 0 0 0 0 0 0 0 0 0 14 0 0 0 0 0 0 0 0 0 0 0 0 0 22 0 0 0 0 0 0 0 0 0 0 0 0 0 0 0 0 22 36 0 0 0 0 0 14 14 0 0 0 0 0 0 0 0 0 0 0 0 15 22 16 38 22 0 0 0 90bc59dafe96c97402785b619dcfdd21_1168_128
0 0 0 16 0 0 0 0 0 0 0 0 0 0 0 0 0 0 38 0 0 0 0 0 0 0 0 0 0 0 0 0 0 0 0 0 0 0 0 0 0 0 0 0 0 0 0 16 0 0 0 0 0 0 0 0 0 0 0 0 15 0 0 0 0 0 0 0 0 0 0 0 0 0 22 0 0 0 0 0 0 0 0 0 0 0 0 0 0 0 0 22 38 0 0 0 0 0 16 16 0 0 0 0 0 0 0 0 0 0 0 0 15 22 9 32 22 0 0 0 90bc59dafe96c97402785b619dcfdd21_1168_129
0 0 0 16 0 0 0 0 0 0 0 0 0 0 0 0 0 0 37 0 0 0 0 0 0 0 0 0 0 0 0 0 0 0 0 0 0 0 0 0 0 0 0 0 0 0 0 16 0 0 0 0 0 0 0 0 0 0 0 0 16 0 0 0 0 0 0 0 0 0 0 0 0 0 21 0 0 0 0 0 0 0 0 0 0 0 0 0 0 0 0 21 37 0 0 0 0 0 16 16 0 0 0 0 0 0 0 0 0 0 0 0 16 21 14 31 21 0 0 0 90bc59dafe96c97402785b619dcfdd21_1072_135
0 0 0 13 0 0 0 0 0 0 0 0 0 0 0 0 0 0 36 0 0 0 0 0 0 0 0 0 0 0 0 0 0 0 0 0 0 0 0 0 0 0 0 0 0 0 0 13 0 0 0 0 0 0 0 0 0 0 0 0 13 0 0 0 0 0 0 0 0 0 0 0 0 0 23 0 0 0 0 0 0 0 0 0 0 0 0 0 0 0 0 23 36 0 0 0 0 0 13 13 0 0 0 0 0 0 0 0 0 0 0 0 14 23 14 42 23 0 0 0 90bc59dafe96c97402785b619dcfdd21_1072_134
0 0 0 14 0 0 0 0 0 0 0 0 0 0 0 0 0 0 37 0 0 0 0 0 0 0 0 0 0 0 0 0 0 0 0 0 0 0 0 0 0 0 0 0 0 0 0 14 0 0 0 0 0 0 0 0 0 0 0 0 14 0 0 0 0 0 0 0 0 0 0 0 0 0 23 0 0 0 0 0 0 0 0 0 0 0 0 0 0 0 0 23 37 0 0 0 0 0 14 14 0 0 0 0 0 0 0 0 0 0 0 0 14 22 14 37 22 0 0 0 90bc59dafe96c97402785b619dcfdd21_1072_133
0 0 0 16 0 0 0 0 0 0 0 0 0 0 0 1 0 0 38 0 0 0 0 0 0 0 0 0 0 0 0 0 0 0 0 0 0 0 0 0 0 0 0 0 0 0 0 16 0 0 0 0 0 0 0 0 0 0 0 0 15 0 0 0 0 0 0 0 0 0 0 0 0 0 21 0 0 0 0 0 0 0 0 0 0 0 0 0 0 0 0 21 38 0 0 0 0 1 16 16 0 0 0 0 0 0 0 0 0 0 0 0 15 22 10 32 21 0 0 0 90bc59dafe96c97402785b619dcfdd21_1072_132
0 0 0 14 0 0 0 0 0 0 0 0 0 0 0 0 0 0 37 0 0 0 0 0 0 0 0 0 0 0 0 0 0 0 0 0 0 0 0 0 0 0 0 0 0 0 0 14 0 0 0 0 0 0 0 0 0 0 0 0 14 0 0 0 0 0 0 0 0 0 0 0 0 0 23 0 0 0 0 0 0 0 0 0 0 0 0 0 0 0 0 23 37 0 0 0 0 0 14 14 0 0 0 0 0 0 0 0 0 0 0 0 15 22 14 35 23 0 0 0 90bc59dafe96c97402785b619dcfdd21_1072_131
0 0 0 15 0 0 0 0 0 0 0 0 0 0 0 0 0 0 36 0 0 0 0 0 0 0 0 0 0 0 0 0 0 0 0 0 0 0 0 0 0 0 0 0 0 0 0 15 0 0 0 0 0 0 0 0 0 0 0 0 15 0 0 0 0 0 0 0 0 0 0 0 0 0 21 0 0 0 0 0 0 0 0 0 0 0 0 0 0 0 0 21 36 0 0 0 0 0 15 15 0 0 0 0 0 0 0 0 0 0 0 0 15 21 16 37 21 0 0 0 90bc59dafe96c97402785b619dcfdd21_1072_69
0 0 0 15 0 0 0 0 0 0 0 0 0 0 0 0 0 0 37 0 0 0 0 0 0 0 0 0 0 0 0 0 0 0 0 0 0 0 0 0 0 0 0 0 0 0 0 14 0 0 0 0 0 0 0 0 0 0 0 0 14 0 0 0 0 0 0 0 0 0 0 0 0 0 22 0 0 0 0 0 0 0 0 0 0 0 0 0 0 0 0 22 37 0 0 0 0 0 14 14 0 0 0 0 0 0 0 0 0 0 0 0 14 22 15 37 22 0 0 0 90bc59dafe96c97402785b619dcfdd21_1072_139
0 0 0 14 0 0 0 0 0 0 0 0 0 0 0 0 0 0 39 0 0 0 0 0 0 0 0 0 0 0 0 0 0 0 0 0 0 0 0 0 0 0 0 0 0 0 0 14 0 0 0 0 0 0 0 0 0 0 0 0 13 0 0 0 0 0 0 0 0 0 0 0 0 0 25 0 0 0 0 0 0 0 0 0 0 0 0 0 0 0 0 25 39 0 0 0 0 0 14 14 0 0 0 0 0 0 0 0 0 0 0 0 13 25 9 30 25 0 0 0 90bc59dafe96c97402785b619dcfdd21_1072_60
0 0 0 15 0 0 0 0 0 0 0 0 0 0 0 0 0 0 36 0 0 0 0 0 0 0 0 0 0 0 0 0 0 0 0 0 0 0 0 0 0 0 0 0 0 0 0 16 0 0 0 0 0 0 0 0 0 0 0 0 16 0 0 0 0 0 0 0 0 0 0 0 0 0 21 0 0 0 0 0 0 0 0 0 0 0 0 0 0 0 0 21 36 0 0 0 0 0 15 16 0 0 0 0 0 0 0 0 0 0 0 0 15 21 15 35 21 0 0 0 90bc59dafe96c97402785b619dcfdd21_1072_138
0 0 0 14 0 0 0 0 0 0 0 0 0 0 0 0 0 0 36 0 0 0 0 0 0 0 0 0 0 0 0 0 0 0 0 0 0 0 0 0 0 0 0 0 0 0 0 15 0 0 0 0 0 0 0 0 0 0 0 0 15 0 0 0 0 0 0 0 0 0 0 0 0 0 22 0 0 0 0 0 0 0 0 0 0 0 0 0 0 0 0 22 36 0 0 0 0 0 14 15 0 0 0 0 0 0 0 0 0 0 0 0 15 21 15 37 22 0 0 0 90bc59dafe96c97402785b619dcfdd21_1072_61
0 0 0 15 0 0 0 0 0 0 0 0 0 0 0 0 0 0 37 0 0 0 0 0 0 0 0 0 0 0 0 0 0 0 0 0 0 0 0 0 0 0 0 0 0 0 0 15 0 0 0 0 0 0 0 0 0 0 0 0 15 0 0 0 0 0 0 0 0 0 0 0 0 0 22 0 0 0 0 0 0 0 0 0 0 0 0 0 0 0 0 21 37 0 0 0 0 0 15 15 0 0 0 0 0 0 0 0 0 0 0 0 14 22 14 35 22 0 0 0 90bc59dafe96c97402785b619dcfdd21_1072_120
0 0 0 15 0 0 0 0 0 0 0 0 0 0 0 0 0 0 37 0 0 0 0 0 0 0 0 0 0 0 0 0 0 0 0 0 0 0 0 0 0 0 0 0 0 0 0 15 0 0 0 0 0 0 0 0 0 0 0 0 15 0 0 0 0 0 0 0 0 0 0 0 0 0 22 0 0 0 0 0 0 0 0 0 0 0 0 0 0 0 0 22 37 0 0 0 0 0 15 15 0 0 0 0 0 0 0 0 0 0 0 0 15 22 10 37 22 0 0 0 90bc59dafe96c97402785b619dcfdd21_1072_121
0 0 0 14 0 0 0 0 0 0 0 0 0 0 0 0 0 0 37 0 0 0 0 0 0 0 0 0 0 0 0 0 0 0 0 0 0 0 0 0 0 0 0 0 0 0 0 14 0 0 0 0 0 0 0 0 0 0 0 0 14 0 0 0 0 0 0 0 0 0 0 0 0 0 23 0 0 0 0 0 0 0 0 0 0 0 0 0 0 0 0 22 37 0 0 0 0 0 14 14 0 0 0 0 0 0 0 0 0 0 0 0 14 23 14 36 23 0 0 0 90bc59dafe96c97402785b619dcfdd21_1072_122
0 0 0 14 0 0 0 0 0 0 0 0 0 0 0 0 0 0 36 0 0 0 0 0 0 0 0 0 0 0 0 0 0 0 0 0 0 0 0 0 0 0 0 0 0 0 0 14 0 0 0 0 0 0 0 0 0 0 0 0 14 0 0 0 0 0 0 0 0 0 0 0 0 0 22 0 0 0 0 0 0 0 0 0 0 0 0 0 0 0 0 22 36 0 0 0 0 0 14 14 0 0 0 0 0 0 0 0 0 0 0 0 15 22 13 41 22 0 0 0 90bc59dafe96c97402785b619dcfdd21_1072_123
0 0 0 16 0 0 0 0 0 0 0 0 0 0 0 0 0 0 37 0 0 0 0 0 0 0 0 0 0 0 0 0 0 0 0 0 0 0 0 0 0 0 0 0 0 0 0 16 0 0 0 0 0 0 0 0 0 0 0 0 15 0 0 0 0 0 0 0 0 0 0 0 0 0 21 0 0 0 0 0 0 0 0 0 0 0 0 0 0 0 0 21 38 0 0 0 0 0 16 16 0 0 0 0 0 0 0 0 0 0 0 0 15 22 14 30 22 0 0 0 90bc59dafe96c97402785b619dcfdd21_1072_124
0 0 0 13 0 0 0 0 0 0 0 0 0 0 0 0 0 0 36 0 0 0 0 0 0 0 0 0 0 0 0 0 0 0 0 0 0 0 0 0 0 0 0 0 0 0 0 14 0 0 0 0 0 0 0 0 0 0 0 0 14 0 0 0 0 0 0 0 0 0 0 0 0 0 24 0 0 0 0 0 0 0 0 0 0 0 0 0 0 0 0 24 37 0 0 0 0 0 14 14 0 0 0 0 0 0 0 0 0 0 0 0 14 23 12 37 23 0 0 0 90bc59dafe96c97402785b619dcfdd21_1072_125
0 0 0 15 0 0 0 0 0 0 0 0 0 0 0 0 0 0 37 0 0 0 0 0 0 0 0 0 0 0 0 0 0 0 0 0 0 0 0 0 0 0 0 0 0 0 0 15 0 0 0 0 0 0 0 0 0 0 0 0 15 0 0 0 0 0 0 0 0 0 0 0 0 0 22 0 0 0 0 0 0 0 0 0 0 0 0 0 0 0 0 22 37 0 0 0 0 0 15 15 0 0 0 0 0 0 0 0 0 0 0 0 15 22 12 35 22 0 0 0 90bc59dafe96c97402785b619dcfdd21_1072_126
0 0 0 14 0 0 0 0 0 0 0 0 0 0 0 0 0 0 37 0 0 0 0 0 0 0 0 0 0 0 0 0 0 0 0 0 0 0 0 0 0 0 0 0 0 0 0 14 0 0 0 0 0 0 0 0 0 0 0 0 14 0 0 0 0 0 0 0 0 0 0 0 0 0 23 0 0 0 0 0 0 0 0 0 0 0 0 0 0 0 0 22 37 0 0 0 0 0 14 14 0 0 0 0 0 0 0 0 0 0 0 0 14 23 14 36 23 0 0 0 90bc59dafe96c97402785b619dcfdd21_1072_127
0 0 0 14 0 0 0 0 0 0 0 0 0 0 0 0 0 0 36 0 0 0 0 0 0 0 0 0 0 0 0 0 0 0 0 0 0 0 0 0 0 0 0 0 0 0 0 14 0 0 0 0 0 0 0 0 0 0 0 0 14 0 0 0 0 0 0 0 0 0 0 0 0 0 22 0 0 0 0 0 0 0 0 0 0 0 0 0 0 0 0 21 36 0 0 0 0 0 14 14 0 0 0 0 0 0 0 0 0 0 0 0 14 22 16 40 22 0 0 0 90bc59dafe96c97402785b619dcfdd21_1072_128
0 0 0 15 0 0 0 0 0 0 0 0 0 0 0 0 0 0 37 0 0 0 0 0 0 0 0 0 0 0 0 0 0 0 0 0 0 0 0 0 0 0 0 0 0 0 0 16 0 0 0 0 0 0 0 0 0 0 0 0 16 0 0 0 0 0 0 0 0 0 0 0 0 0 22 0 0 0 0 0 0 0 0 0 0 0 0 0 0 0 0 22 38 0 0 0 0 0 16 16 0 0 0 0 0 0 0 0 0 0 0 0 16 22 9 32 22 0 0 0 90bc59dafe96c97402785b619dcfdd21_1072_129
0 0 0 15 0 0 0 0 0 0 0 0 0 0 0 0 0 0 36 0 0 0 0 0 0 0 0 0 0 0 0 0 0 0 0 0 0 0 0 0 0 0 0 0 0 0 0 16 0 0 0 0 0 0 0 0 0 0 0 0 16 0 0 0 0 0 0 0 0 0 0 0 0 0 21 0 0 0 0 0 0 0 0 0 0 0 0 0 0 0 0 21 37 0 0 0 0 0 16 16 0 0 0 0 0 0 0 0 0 0 0 0 16 20 15 34 20 0 0 0 90bc59dafe96c97402785b619dcfdd21_1168_55
0 0 0 14 0 0 0 0 0 0 0 0 0 0 0 0 0 0 38 0 0 0 0 0 0 0 0 0 0 0 0 0 0 0 0 0 0 0 0 0 0 0 0 0 0 0 0 13 0 0 0 0 0 0 0 0 0 0 0 0 13 0 0 0 0 0 0 0 0 0 0 0 0 0 24 0 0 0 0 0 0 0 0 0 0 0 0 0 0 0 0 24 37 0 0 0 0 0 13 13 0 0 0 0 0 0 0 0 0 0 0 0 13 25 12 36 24 0 0 0 90bc59dafe96c97402785b619dcfdd21_1168_54
0 0 0 14 0 0 0 0 0 0 0 0 0 0 0 0 0 0 38 0 0 0 0 0 0 0 0 0 0 0 0 0 0 0 0 0 0 0 0 0 0 0 0 0 0 0 0 13 0 0 0 0 0 0 0 0 0 0 0 0 13 0 0 0 0 0 0 0 0 0 0 0 0 0 24 0 0 0 0 0 0 0 0 0 0 0 0 0 0 0 0 24 38 0 0 0 0 0 14 14 0 0 0 0 0 0 0 0 0 0 0 0 13 24 10 36 24 0 0 0 90bc59dafe96c97402785b619dcfdd21_1168_57
0 0 0 15 0 0 0 0 0 0 0 0 0 0 0 0 0 0 36 0 0 0 0 0 0 0 0 0 0 0 0 0 0 0 0 0 0 0 0 0 0 0 0 0 0 0 0 14 0 0 0 0 0 0 0 0 0 0 0 0 15 0 0 0 0 0 0 0 0 0 0 0 0 0 22 0 0 0 0 0 0 0 0 0 0 0 0 0 0 0 0 22 36 0 0 0 0 0 14 14 0 0 0 0 0 0 0 0 0 0 0 0 15 22 15 37 22 0 0 0 90bc59dafe96c97402785b619dcfdd21_1168_56
0 0 0 14 0 0 0 0 0 0 0 0 0 0 0 0 0 0 36 0 0 0 0 0 0 0 0 0 0 0 0 0 0 0 0 0 0 0 0 0 0 0 0 0 0 0 0 15 0 0 0 0 0 0 0 0 0 0 0 0 15 0 0 0 0 0 0 0 0 0 0 0 0 0 22 0 0 0 0 0 0 0 0 0 0 0 0 0 0 0 0 22 36 0 0 0 0 0 15 15 0 0 0 0 0 0 0 0 0 0 0 0 15 22 14 36 22 0 0 0 90bc59dafe96c97402785b619dcfdd21_1168_51
0 0 0 13 0 0 0 0 0 0 0 0 0 0 0 0 0 0 40 0 0 0 0 0 0 0 0 0 0 0 0 0 0 0 0 0 0 0 0 0 0 0 0 0 0 0 0 13 0 0 0 0 0 0 0 0 0 0 0 0 13 0 0 0 0 0 0 0 0 0 0 0 0 0 27 0 0 0 0 0 0 0 0 0 0 0 0 0 0 0 0 26 40 0 0 0 0 0 13 13 0 0 0 0 0 0 0 0 0 0 0 0 13 26 9 27 26 0 0 0 90bc59dafe96c97402785b619dcfdd21_1168_50
0 0 0 16 0 0 0 0 0 0 0 0 0 0 0 0 0 0 37 0 0 0 0 0 0 0 0 0 0 0 0 0 0 0 0 0 0 0 0 0 0 0 0 0 0 0 0 16 0 0 0 0 0 0 0 0 0 0 0 0 16 0 0 0 0 0 0 0 0 0 0 0 0 0 21 0 0 0 0 0 0 0 0 0 0 0 0 0 0 0 0 21 37 0 0 0 0 0 16 16 0 0 0 0 0 0 0 0 0 0 0 0 16 21 11 34 21 0 0 0 90bc59dafe96c97402785b619dcfdd21_1168_53
0 0 0 15 0 0 0 0 0 0 0 0 0 0 0 0 0 0 36 0 0 0 0 0 0 0 0 0 0 0 0 0 0 0 0 0 0 0 0 0 0 0 0 0 0 0 0 15 0 0 0 0 0 0 0 0 0 0 0 0 15 0 0 0 0 0 0 0 0 0 0 0 0 0 21 0 0 0 0 0 0 0 0 0 0 0 0 0 0 0 0 21 35 0 0 0 0 0 14 15 0 0 0 0 0 0 0 0 0 0 0 0 15 21 15 40 21 0 0 0 90bc59dafe96c97402785b619dcfdd21_1168_52
0 0 0 16 0 0 0 0 0 0 0 0 0 0 0 0 0 0 36 0 0 0 0 0 0 0 0 0 0 0 0 0 0 0 0 0 0 0 0 0 0 0 0 0 0 0 0 15 0 0 0 0 0 0 0 0 0 0 0 0 15 0 0 0 0 0 0 0 0 0 0 0 0 0 21 0 0 0 0 0 0 0 0 0 0 0 0 0 0 0 0 21 36 0 0 0 0 0 15 15 0 0 0 0 0 0 0 0 0 0 0 0 15 22 14 36 22 0 0 0 90bc59dafe96c97402785b619dcfdd21_1072_64
0 0 0 13 0 0 0 0 0 0 0 0 0 0 0 0 0 0 38 0 0 0 0 0 0 0 0 0 0 0 0 0 0 0 0 0 0 0 0 0 0 0 0 0 0 0 0 14 0 0 0 0 0 0 0 0 0 0 0 0 14 0 0 0 0 0 0 0 0 0 0 0 0 0 25 0 0 0 0 0 0 0 0 0 0 0 0 0 0 0 0 25 37 0 0 0 0 0 14 14 0 0 0 0 0 0 0 0 0 0 0 0 14 24 10 33 24 0 0 0 90bc59dafe96c97402785b619dcfdd21_1072_65
0 0 0 16 0 0 0 0 0 0 0 0 0 0 0 0 0 0 37 0 0 0 0 0 0 0 0 0 0 0 0 0 0 0 0 0 0 0 0 0 0 0 0 0 0 0 0 15 0 0 0 0 0 0 0 0 0 0 0 0 15 0 0 0 0 0 0 0 0 0 0 0 0 0 21 0 0 0 0 0 0 0 0 0 0 0 0 0 0 0 0 21 36 0 0 0 0 0 15 15 0 0 0 0 0 0 0 0 0 0 0 0 15 21 16 35 21 0 0 0 90bc59dafe96c97402785b619dcfdd21_1072_66
0 0 0 12 0 0 0 0 0 0 0 0 0 0 0 0 0 0 37 0 0 0 0 0 0 0 0 0 0 0 0 0 0 0 0 0 0 0 0 0 0 0 0 0 0 0 0 12 0 0 0 0 0 0 0 0 0 0 0 0 13 0 0 0 0 0 0 0 0 0 0 0 0 0 25 0 0 0 0 0 0 0 0 0 0 0 0 0 0 0 0 25 37 0 0 0 0 0 12 12 0 0 0 0 0 0 0 0 0 0 0 0 13 24 12 40 25 0 0 0 90bc59dafe96c97402785b619dcfdd21_1072_67
0 0 0 14 0 0 0 0 0 0 0 0 0 0 0 0 0 0 36 0 0 0 0 0 0 0 0 0 0 0 0 0 0 0 0 0 0 0 0 0 0 0 0 0 0 0 0 15 0 0 0 0 0 0 0 0 0 0 0 0 15 0 0 0 0 0 0 0 0 0 0 0 0 0 22 0 0 0 0 0 0 0 0 0 0 0 0 0 0 0 0 22 36 0 0 0 0 0 14 14 0 0 0 0 0 0 0 0 0 0 0 0 15 22 15 37 22 0 0 0 90bc59dafe96c97402785b619dcfdd21_1168_59
0 0 0 14 0 0 0 0 0 0 0 0 0 0 0 0 0 0 37 0 0 0 0 0 0 0 0 0 0 0 0 0 0 0 0 0 0 0 0 0 0 0 0 0 0 0 0 15 0 0 0 0 0 0 0 0 0 0 0 0 15 0 0 0 0 0 0 0 0 0 0 0 0 0 22 0 0 0 0 0 0 0 0 0 0 0 0 0 0 0 0 22 37 0 0 0 0 0 15 15 0 0 0 0 0 0 0 0 0 0 0 0 15 21 14 35 22 0 0 0 90bc59dafe96c97402785b619dcfdd21_1168_58
0 0 0 16 0 0 0 0 0 0 0 0 0 0 0 0 0 0 37 0 0 0 0 0 0 0 0 0 0 0 0 0 0 0 0 0 0 0 0 0 0 0 0 0 0 0 0 15 0 0 0 0 0 0 0 0 0 0 0 0 15 0 0 0 0 0 0 0 0 0 0 0 0 0 21 0 0 0 0 0 0 0 0 0 0 0 0 0 0 0 0 21 37 0 0 0 0 0 15 15 0 0 0 0 0 0 0 0 0 0 0 0 15 21 15 35 21 0 0 0 90bc59dafe96c97402785b619dcfdd21_1072_62
0 0 0 15 0 0 0 0 0 0 0 0 0 0 0 0 0 0 36 0 0 0 0 0 0 0 0 0 0 0 0 0 0 0 0 0 0 0 0 0 0 0 0 0 0 0 0 16 0 0 0 0 0 0 0 0 0 0 0 0 16 0 0 0 0 0 0 0 0 0 0 0 0 0 21 0 0 0 0 0 0 0 0 0 0 0 0 0 0 0 0 21 37 0 0 0 0 0 16 16 0 0 0 0 0 0 0 0 0 0 0 0 16 20 10 38 21 0 0 0 90bc59dafe96c97402785b619dcfdd21_1072_63
0 0 0 15 0 0 0 0 0 0 0 0 0 0 0 0 0 0 37 0 0 0 0 0 0 0 0 0 0 0 0 0 0 0 0 0 0 0 0 0 0 0 0 0 0 0 0 15 0 0 0 0 0 0 0 0 0 0 0 0 15 0 0 0 0 0 0 0 0 0 0 0 0 0 22 0 0 0 0 0 0 0 0 0 0 0 0 0 0 0 0 22 37 0 0 0 0 0 15 15 0 0 0 0 0 0 0 0 0 0 0 0 15 23 12 33 23 0 0 0 90bc59dafe96c97402785b619dcfdd21_1072_147
0 0 0 14 0 0 0 0 0 0 0 0 0 0 0 0 0 0 36 0 0 0 0 0 0 0 0 0 0 0 0 0 0 0 0 0 0 0 0 0 0 0 0 0 0 0 0 13 0 0 0 0 0 0 0 0 0 0 0 0 13 0 0 0 0 0 0 0 0 0 0 0 0 0 23 0 0 0 0 0 0 0 0 0 0 0 0 0 0 0 0 23 36 0 0 0 0 0 13 13 0 0 0 0 0 0 0 0 0 0 0 0 13 23 15 41 23 0 0 0 90bc59dafe96c97402785b619dcfdd21_1072_130
0 0 0 15 0 0 0 0 0 0 0 0 0 0 0 0 0 0 37 0 0 0 0 0 0 0 0 0 0 0 0 0 0 0 0 0 0 0 0 0 0 0 0 0 0 0 0 15 0 0 0 0 0 0 0 0 0 0 0 0 15 0 0 0 0 0 0 0 0 0 0 0 0 0 23 0 0 0 0 0 0 0 0 0 0 0 0 0 0 0 0 23 37 0 0 0 0 0 15 15 0 0 0 0 0 0 0 0 0 0 0 0 16 22 13 31 22 0 0 0 90bc59dafe96c97402785b619dcfdd21_1168_146
0 0 0 15 0 0 0 0 0 0 0 0 0 0 0 0 0 0 38 0 0 0 0 0 0 0 0 0 0 0 0 0 0 0 0 0 0 0 0 0 0 0 0 0 0 0 0 15 0 0 0 0 0 0 0 0 0 0 0 0 14 0 0 0 0 0 0 0 0 0 0 0 0 0 22 0 0 0 0 0 0 0 0 0 0 0 0 0 0 0 0 22 38 0 0 0 0 0 15 15 0 0 0 0 0 0 0 0 0 0 0 0 14 23 12 33 23 0 0 0 90bc59dafe96c97402785b619dcfdd21_1168_147
0 0 0 15 0 0 0 0 0 0 0 0 0 0 0 0 0 0 37 0 0 0 0 0 0 0 0 0 0 0 0 0 0 0 0 0 0 0 0 0 0 0 0 0 0 0 0 15 0 0 0 0 0 0 0 0 0 0 0 0 15 0 0 0 0 0 0 0 0 0 0 0 0 0 21 0 0 0 0 0 0 0 0 0 0 0 0 0 0 0 0 21 37 0 0 0 0 0 15 15 0 0 0 0 0 0 0 0 0 0 0 0 15 22 14 35 22 0 0 0 90bc59dafe96c97402785b619dcfdd21_1168_144
0 0 0 13 0 0 0 0 0 0 0 0 0 0 0 0 0 0 35 0 0 0 0 0 0 0 0 0 0 0 0 0 0 0 0 0 0 0 0 0 0 0 0 0 0 0 0 13 0 0 0 0 0 0 0 0 0 0 0 0 13 0 0 0 0 0 0 0 0 0 0 0 0 0 22 0 0 0 0 0 0 0 0 0 0 0 0 0 0 0 0 23 36 0 0 0 0 0 13 13 0 0 0 0 0 0 0 0 0 0 0 0 13 23 14 45 23 0 0 0 90bc59dafe96c97402785b619dcfdd21_1168_145
0 0 0 14 0 0 0 0 0 0 0 0 0 0 0 0 0 0 36 0 0 0 0 0 0 0 0 0 0 0 0 0 0 0 0 0 0 0 0 0 0 0 0 0 0 0 0 14 0 0 0 0 0 0 0 0 0 0 0 0 14 0 0 0 0 0 0 0 0 0 0 0 0 0 22 0 0 0 0 0 0 0 0 0 0 0 0 0 0 0 0 22 36 0 0 0 0 0 14 14 0 0 0 0 0 0 0 0 0 0 0 0 14 22 15 40 22 0 0 0 90bc59dafe96c97402785b619dcfdd21_1168_142
0 0 0 15 0 0 0 0 0 0 0 0 0 0 0 0 0 0 38 0 0 0 0 0 0 0 0 0 0 0 0 0 0 0 0 0 0 0 0 0 0 0 0 0 0 0 0 15 0 0 0 0 0 0 0 0 0 0 0 0 15 0 0 0 0 0 0 0 0 0 0 0 0 0 23 0 0 0 0 0 0 0 0 0 0 0 0 0 0 0 0 23 38 0 0 0 0 0 15 15 0 0 0 0 0 0 0 0 0 0 0 0 15 23 9 32 23 0 0 0 90bc59dafe96c97402785b619dcfdd21_1168_143
0 0 0 14 0 0 0 0 0 0 0 0 0 0 0 0 0 0 38 0 0 0 0 0 0 0 0 0 0 0 0 0 0 0 0 0 0 0 0 0 0 0 0 0 0 0 0 14 0 0 0 0 0 0 0 0 0 0 0 0 14 0 0 0 0 0 0 0 0 0 0 0 0 0 24 0 0 0 0 0 0 0 0 0 0 0 0 0 0 0 0 24 38 0 0 0 0 0 14 14 0 0 0 0 0 0 0 0 0 0 0 0 15 24 9 33 24 0 0 0 90bc59dafe96c97402785b619dcfdd21_1168_140
0 0 0 15 0 0 0 0 0 0 0 0 0 0 0 0 0 0 37 0 0 0 0 0 0 0 0 0 0 0 0 0 0 0 0 0 0 0 0 0 0 0 0 0 0 0 0 15 0 0 0 0 0 0 0 0 0 0 0 0 14 0 0 0 0 0 0 0 0 0 0 0 0 0 22 0 0 0 0 0 0 0 0 0 0 0 0 0 0 0 0 21 37 0 0 0 0 0 15 15 0 0 0 0 0 0 0 0 0 0 0 0 14 22 15 35 22 0 0 0 90bc59dafe96c97402785b619dcfdd21_1168_141
0 0 0 12 0 1 1 3 1 1 0 2 0 0 0 0 1 0 31 1 0 0 0 0 0 0 0 0 0 4 0 1 0 1 0 0 0 0 0 0 0 0 1 1 0 0 0 12 0 0 1 0 0 0 1 0 0 0 1 0 12 0 0 0 0 0 2 0 0 0 0 3 4 2 19 1 0 0 0 0 0 0 0 0 0 1 0 0 1 1 0 20 31 2 0 0 0 0 12 12 0 0 0 0 0 0 0 0 0 0 0 0 12 19 11 38 19 0 0 0 90bc59dafe96c97402785b619dcfdd21_1168_148
0 0 0 14 0 0 0 0 0 0 0 0 0 0 0 0 0 0 37 0 0 0 0 0 0 0 0 0 0 0 0 0 0 0 0 0 0 0 0 0 0 0 0 0 0 0 0 14 0 0 0 0 0 0 0 0 0 0 0 0 14 0 0 0 0 0 0 0 0 0 0 0 0 0 23 0 0 0 0 0 0 0 0 0 0 0 0 0 0 0 0 23 37 0 0 0 0 0 14 14 0 0 0 0 0 0 0 0 0 0 0 0 14 23 12 37 23 0 0 0 90bc59dafe96c97402785b619dcfdd21_1072_79
0 0 0 16 0 0 0 0 0 0 0 0 0 0 0 0 0 0 37 0 0 0 0 0 0 0 0 0 0 0 0 0 0 0 0 0 0 0 0 0 0 0 0 0 0 0 0 16 0 0 0 0 0 0 0 0 0 0 0 0 16 0 0 0 0 0 0 0 0 0 0 0 0 0 21 0 0 0 0 0 0 0 0 0 0 0 0 0 0 0 0 21 37 0 0 0 0 0 16 16 0 0 0 0 0 0 0 0 0 0 0 0 16 21 14 31 21 0 0 0 90bc59dafe96c97402785b619dcfdd21_1072_78
0 0 0 13 0 0 0 0 0 0 0 0 0 0 0 0 0 0 36 0 0 0 0 0 0 0 0 0 0 0 0 0 0 0 0 0 0 0 0 0 0 0 0 0 0 0 0 13 0 0 0 0 0 0 0 0 0 0 0 0 13 0 0 0 0 0 0 0 0 0 0 0 0 0 23 0 0 0 0 0 0 0 0 0 0 0 0 0 0 0 0 22 36 0 0 0 0 0 13 13 0 0 0 0 0 0 0 0 0 0 0 0 13 23 14 44 23 0 0 0 90bc59dafe96c97402785b619dcfdd21_1072_77
0 0 0 14 0 0 0 0 0 0 0 0 0 0 0 0 0 0 37 0 0 0 0 0 0 0 0 0 0 0 0 0 0 0 0 0 0 0 0 0 0 0 0 0 0 0 0 14 0 0 0 0 0 0 0 0 0 0 0 0 14 0 0 0 0 0 0 0 0 0 0 0 0 0 23 0 0 0 0 0 0 0 0 0 0 0 0 0 0 0 0 22 37 0 0 0 0 0 14 14 0 0 0 0 0 0 0 0 0 0 0 0 14 23 14 36 23 0 0 0 90bc59dafe96c97402785b619dcfdd21_1072_76
0 0 0 15 0 0 0 0 0 0 0 0 0 0 0 0 0 0 38 0 0 0 0 0 0 0 0 0 0 0 0 0 0 0 0 0 0 0 0 0 0 0 0 0 0 0 0 16 0 0 0 0 0 0 0 0 0 0 0 0 16 0 0 0 0 0 0 0 0 0 0 0 0 0 23 0 0 0 0 0 0 0 0 0 0 0 0 0 0 0 0 23 38 0 0 0 0 0 16 16 0 0 0 0 0 0 0 0 0 0 0 0 16 22 10 28 22 0 0 0 90bc59dafe96c97402785b619dcfdd21_1072_75
0 0 0 14 0 0 0 0 0 0 0 0 0 0 0 0 0 0 36 0 0 0 0 0 0 0 0 0 0 0 0 0 0 0 0 0 0 0 0 0 0 0 0 0 0 0 0 14 0 0 0 0 0 0 0 0 0 0 0 0 14 0 0 0 0 0 0 0 0 0 0 0 0 0 22 0 0 0 0 0 0 0 0 0 0 0 0 0 0 0 0 22 36 0 0 0 0 0 14 14 0 0 0 0 0 0 0 0 0 0 0 0 14 22 15 40 22 0 0 0 90bc59dafe96c97402785b619dcfdd21_1072_74
0 0 0 16 0 0 0 0 0 0 0 0 0 0 0 0 0 0 37 0 0 0 0 0 0 0 0 0 0 0 0 0 0 0 0 0 0 0 0 0 0 0 0 0 0 0 0 16 0 0 0 0 0 0 0 0 0 0 0 0 16 0 0 0 0 0 0 0 0 0 0 0 0 0 21 0 0 0 0 0 0 0 0 0 0 0 0 0 0 0 0 21 37 0 0 0 0 0 16 16 0 0 0 0 0 0 0 0 0 0 0 0 16 22 9 34 22 0 0 0 90bc59dafe96c97402785b619dcfdd21_1072_73
0 0 0 14 0 0 0 0 0 0 0 0 0 0 0 0 0 0 36 0 0 0 0 0 0 0 0 0 0 0 0 0 0 0 0 0 0 0 0 0 0 0 0 0 0 0 0 14 0 0 0 0 0 0 0 0 0 0 0 0 14 0 0 0 0 0 0 0 0 0 0 0 0 0 22 0 0 0 0 0 0 0 0 0 0 0 0 0 0 0 0 22 36 0 0 0 0 0 14 14 0 0 0 0 0 0 0 0 0 0 0 0 14 22 15 40 22 0 0 0 90bc59dafe96c97402785b619dcfdd21_1072_72
0 0 0 15 0 0 0 0 0 0 0 0 0 0 0 0 0 0 37 0 0 0 0 0 0 0 0 0 0 0 0 0 0 0 0 0 0 0 0 0 0 0 0 0 0 0 0 15 0 0 0 0 0 0 0 0 0 0 0 0 15 0 0 0 0 0 0 0 0 0 0 0 0 0 21 0 0 0 0 0 0 0 0 0 0 0 0 0 0 0 0 21 37 0 0 0 0 0 16 15 0 0 0 0 0 0 0 0 0 0 0 0 15 21 15 35 21 0 0 0 90bc59dafe96c97402785b619dcfdd21_1072_71
0 0 0 12 0 0 0 0 0 0 0 0 0 0 0 0 0 0 39 0 0 0 0 0 0 0 0 0 0 0 0 0 0 0 0 0 0 0 0 0 0 0 0 0 0 0 0 13 0 0 0 0 0 0 0 0 0 0 0 0 13 0 0 0 0 0 0 0 0 0 0 0 0 0 27 0 0 0 0 0 0 0 0 0 0 0 0 0 0 0 0 27 39 0 0 0 0 0 12 12 0 0 0 0 0 0 0 0 0 0 0 0 12 27 7 32 27 0 0 0 90bc59dafe96c97402785b619dcfdd21_1072_70
0 0 0 14 0 0 0 0 0 0 0 0 0 0 0 0 0 0 37 0 0 0 0 0 0 0 0 0 0 0 0 0 0 0 0 0 0 0 0 0 0 0 0 0 0 0 0 13 0 0 0 0 0 0 0 0 0 0 0 0 13 0 0 0 0 0 0 0 0 0 0 0 0 0 23 0 0 0 0 0 0 0 0 0 0 0 0 0 0 0 0 23 37 0 0 0 0 0 14 14 0 0 0 0 0 0 0 0 0 0 0 0 13 24 12 38 24 0 0 0 90bc59dafe96c97402785b619dcfdd21_1072_136
0 0 0 15 0 0 0 0 0 0 0 0 0 0 0 0 0 0 36 0 0 0 0 0 0 0 0 0 0 0 0 0 0 0 0 0 0 0 0 0 0 0 0 0 0 0 0 15 0 0 0 0 0 0 0 0 0 0 0 0 15 0 0 0 0 0 0 0 0 0 0 0 0 0 21 0 0 0 0 0 0 0 0 0 0 0 0 0 0 0 0 21 37 0 0 0 0 0 15 15 0 0 0 0 0 0 0 0 0 0 0 0 15 22 15 35 22 0 0 0 90bc59dafe96c97402785b619dcfdd21_1072_141
0 0 0 15 0 0 0 0 0 0 0 0 0 0 0 0 0 0 38 0 0 0 0 0 0 0 0 0 0 0 0 0 0 0 0 0 0 0 0 0 0 0 0 0 0 0 0 15 0 0 0 0 0 0 0 0 0 0 0 0 15 0 0 0 0 0 0 0 0 0 0 0 0 0 23 0 0 0 0 0 0 0 0 0 0 0 0 0 0 0 0 23 38 0 0 0 0 0 15 15 0 0 0 0 0 0 0 0 0 0 0 0 15 22 13 30 22 0 0 0 90bc59dafe96c97402785b619dcfdd21_1072_146
0 0 0 16 0 0 0 0 0 0 0 0 0 0 0 0 0 0 36 0 0 0 0 0 0 0 0 0 0 0 0 0 0 0 0 0 0 0 0 0 0 0 0 0 0 0 0 16 0 0 0 0 0 0 0 0 0 0 0 0 16 0 0 0 0 0 0 0 0 0 0 0 0 0 20 0 0 0 0 0 0 0 0 0 0 0 0 0 0 0 0 20 36 0 0 0 0 0 16 16 0 0 0 0 0 0 0 0 0 0 0 0 16 20 16 35 20 0 0 0 90bc59dafe96c97402785b619dcfdd21_1072_102
0 0 0 16 0 0 0 0 0 0 0 0 0 0 0 0 0 0 36 0 0 0 0 0 0 0 0 0 0 0 0 0 0 0 0 0 0 0 0 0 0 0 0 0 0 0 0 15 0 0 0 0 0 0 0 0 0 0 0 0 15 0 0 0 0 0 0 0 0 0 0 0 0 0 21 0 0 0 0 0 0 0 0 0 0 0 0 0 0 0 0 21 36 0 0 0 0 0 15 15 0 0 0 0 0 0 0 0 0 0 0 0 15 22 15 35 22 0 0 0 90bc59dafe96c97402785b619dcfdd21_1072_144
0 0 0 13 0 0 0 0 0 0 0 0 0 0 0 0 0 0 36 0 0 0 0 0 0 0 0 0 0 0 0 0 0 0 0 0 0 0 0 0 0 0 0 0 0 0 0 13 0 0 0 0 0 0 0 0 0 0 0 0 13 0 0 0 0 0 0 0 0 0 0 0 0 0 23 0 0 0 0 0 0 0 0 0 0 0 0 0 0 0 0 23 35 0 0 0 0 0 13 13 0 0 0 0 0 0 0 0 0 0 0 0 13 23 14 45 22 0 0 0 90bc59dafe96c97402785b619dcfdd21_1072_145
0 0 0 14 0 0 0 0 0 0 0 0 0 0 0 0 0 0 36 0 0 0 0 0 0 0 0 0 0 0 0 0 0 0 0 0 0 0 0 0 0 0 0 0 0 0 0 14 0 0 0 0 0 0 0 0 0 0 0 0 14 0 0 0 0 0 0 0 0 0 0 0 0 0 23 0 0 0 0 0 0 0 0 0 0 0 0 0 0 0 0 23 36 0 0 0 0 0 14 14 0 0 0 0 0 0 0 0 0 0 0 0 14 22 14 39 22 0 0 0 90bc59dafe96c97402785b619dcfdd21_1072_142
0 0 0 14 0 0 0 0 0 0 0 0 0 0 0 0 0 0 37 0 0 0 0 0 0 0 0 0 0 0 0 0 0 0 0 0 0 0 0 0 0 0 0 0 0 0 0 15 0 0 0 0 0 0 0 0 0 0 0 0 15 0 0 0 0 0 0 0 0 0 0 0 0 0 23 0 0 0 0 0 0 0 0 0 0 0 0 0 0 0 0 23 38 0 0 0 0 0 15 15 0 0 0 0 0 0 0 0 0 0 0 0 15 23 10 33 23 0 0 0 90bc59dafe96c97402785b619dcfdd21_1072_143
0 0 0 14 0 0 0 0 0 0 0 0 0 0 0 0 0 0 38 0 0 0 0 0 0 0 0 0 0 0 0 0 0 0 0 0 0 0 0 0 0 0 0 0 0 0 0 14 0 0 0 0 0 0 0 0 0 0 0 0 14 0 0 0 0 0 0 0 0 0 0 0 0 0 24 0 0 0 0 0 0 0 0 0 0 0 0 0 0 0 0 24 38 0 0 0 0 0 14 14 0 0 0 0 0 0 0 0 0 0 0 0 14 24 9 34 24 0 0 0 90bc59dafe96c97402785b619dcfdd21_1072_140
0 0 0 13 0 0 0 0 0 0 0 0 0 0 0 0 0 0 38 0 0 0 0 0 0 0 0 0 0 0 0 0 0 0 0 0 0 0 0 0 0 0 0 0 0 0 0 13 0 0 0 0 0 0 0 0 0 0 0 0 13 0 0 0 0 0 0 0 0 0 0 0 0 0 25 0 0 0 0 0 0 0 0 0 0 0 0 0 0 0 0 25 38 0 0 0 0 0 13 13 0 0 0 0 0 0 0 0 0 0 0 0 13 25 8 36 26 0 0 0 90bc59dafe96c97402785b619dcfdd21_1072_103
0 0 0 13 0 0 0 0 0 0 0 0 0 0 0 2 0 2 38 0 0 0 0 0 0 0 0 0 0 2 0 0 0 0 0 0 0 0 0 0 1 0 0 0 0 0 0 13 0 0 0 0 0 0 0 0 0 0 0 0 14 0 0 0 0 0 0 0 0 0 0 0 2 2 22 0 0 0 0 0 0 0 0 0 0 0 0 0 0 0 0 22 38 0 0 0 0 0 13 13 0 0 1 0 0 1 0 0 0 0 0 0 14 21 10 34 21 0 0 0 90bc59dafe96c97402785b619dcfdd21_1072_100
0 0 0 12 0 1 1 3 1 1 0 2 0 0 0 0 1 0 32 1 0 0 0 0 0 0 0 0 0 4 0 1 0 0 0 0 0 0 0 0 0 0 1 1 0 0 0 12 0 0 1 0 0 0 1 0 0 0 1 0 12 0 0 0 0 0 2 0 0 0 0 3 4 2 20 1 0 0 0 0 0 0 0 0 0 1 0 0 1 0 0 20 31 2 0 0 0 0 12 12 0 0 0 0 0 0 0 0 0 0 0 0 12 19 11 38 19 0 0 0 90bc59dafe96c97402785b619dcfdd21_1072_148
0 0 0 15 0 0 0 0 0 0 0 0 0 0 0 0 0 0 37 0 0 0 0 0 0 0 0 0 0 0 0 0 0 0 0 0 0 0 0 0 0 0 0 0 0 0 0 14 0 0 0 0 0 0 0 0 0 0 0 0 14 0 0 0 0 0 0 0 0 0 0 0 0 0 22 0 0 0 0 0 0 0 0 0 0 0 0 0 0 0 0 22 37 0 0 0 0 0 15 15 0 0 0 0 0 0 0 0 0 0 0 0 14 22 15 35 22 0 0 0 90bc59dafe96c97402785b619dcfdd21_1072_101
0 0 0 14 0 0 0 0 0 0 0 0 0 0 0 0 0 0 38 0 0 0 0 0 0 0 0 0 0 0 0 0 0 0 0 0 0 0 0 0 0 0 0 0 0 0 0 14 0 0 0 0 0 0 0 0 0 0 0 0 14 0 0 0 0 0 0 0 0 0 0 0 0 0 24 0 0 0 0 0 0 0 0 0 0 0 0 0 0 0 0 24 37 0 0 0 0 0 14 14 0 0 0 0 0 0 0 0 0 0 0 0 14 24 9 36 23 0 0 0 90bc59dafe96c97402785b619dcfdd21_1072_106
0 0 0 14 0 0 0 0 0 0 0 0 0 0 0 0 0 0 36 0 0 0 0 0 0 0 0 0 0 0 0 0 0 0 0 0 0 0 0 0 0 0 0 0 0 0 0 15 0 0 0 0 0 0 0 0 0 0 0 0 15 0 0 0 0 0 0 0 0 0 0 0 0 0 22 0 0 0 0 0 0 0 0 0 0 0 0 0 0 0 0 22 36 0 0 0 0 0 15 15 0 0 0 0 0 0 0 0 0 0 0 0 15 21 15 37 21 0 0 0 90bc59dafe96c97402785b619dcfdd21_1072_107
0 0 0 14 0 0 0 0 0 0 0 0 0 0 0 0 0 0 36 0 0 0 0 0 0 0 0 0 0 0 0 0 0 0 0 0 0 0 0 0 0 0 0 0 0 0 0 15 0 0 0 0 0 0 0 0 0 0 0 0 15 0 0 0 0 0 0 0 0 0 0 0 0 0 22 0 0 0 0 0 0 0 0 0 0 0 0 0 0 0 0 22 36 0 0 0 0 0 15 15 0 0 0 0 0 0 0 0 0 0 0 0 15 21 15 37 21 0 0 0 90bc59dafe96c97402785b619dcfdd21_1072_104
0 0 0 16 0 0 0 0 0 0 0 0 0 0 0 0 0 0 36 0 0 0 0 0 0 0 0 0 0 0 0 0 0 0 0 0 0 0 0 0 0 0 0 0 0 0 0 15 0 0 0 0 0 0 0 0 0 0 0 0 15 0 0 0 0 0 0 0 0 0 0 0 0 0 21 0 0 0 0 0 0 0 0 0 0 0 0 0 0 0 0 21 36 0 0 0 0 0 15 15 0 0 0 0 0 0 0 0 0 0 0 0 15 22 15 35 22 0 0 0 90bc59dafe96c97402785b619dcfdd21_1072_105
0 0 0 13 0 1 1 3 1 1 0 2 0 0 0 0 0 0 32 1 0 0 0 0 0 0 0 0 0 4 0 1 0 0 0 0 0 0 0 0 0 0 1 1 0 0 0 13 0 0 1 0 0 0 1 0 0 0 1 1 13 0 0 0 0 0 2 0 0 0 0 3 4 2 19 1 0 0 0 0 0 0 0 0 0 1 1 0 1 0 0 19 32 2 0 0 0 0 13 13 0 0 0 0 0 0 0 0 0 0 0 0 13 18 11 33 19 0 0 0 90bc59dafe96c97402785b619dcfdd21_1168_84
0 0 0 15 0 0 0 0 0 0 0 0 0 0 0 0 0 0 38 0 0 0 0 0 0 0 0 0 0 0 0 0 0 0 0 0 0 0 0 0 0 0 0 0 0 0 0 15 0 0 0 0 0 0 0 0 0 0 0 0 15 0 0 0 0 0 0 0 0 0 0 0 0 0 23 0 0 0 0 0 0 0 0 0 0 0 0 0 0 0 0 22 37 0 0 0 0 0 15 15 0 0 0 0 0 0 0 0 0 0 0 0 15 22 14 31 22 0 0 0 90bc59dafe96c97402785b619dcfdd21_1168_82
0 0 0 14 0 0 0 0 0 0 0 0 0 0 0 0 0 0 37 0 0 0 0 0 0 0 0 0 0 0 0 0 0 0 0 0 0 0 0 0 0 0 0 0 0 0 0 14 0 0 0 0 0 0 0 0 0 0 0 0 14 0 0 0 0 0 0 0 0 0 0 0 0 0 23 0 0 0 0 0 0 0 0 0 0 0 0 0 0 0 0 23 37 0 0 0 0 0 14 14 0 0 0 0 0 0 0 0 0 0 0 0 14 23 12 37 23 0 0 0 90bc59dafe96c97402785b619dcfdd21_1168_83
0 0 0 14 0 0 0 0 0 0 0 0 0 0 0 0 0 0 36 0 0 0 0 0 0 0 0 0 0 0 0 0 0 0 0 0 0 0 0 0 0 0 0 0 0 0 0 14 0 0 0 0 0 0 0 0 0 0 0 0 14 0 0 0 0 0 0 0 0 0 0 0 0 0 22 0 0 0 0 0 0 0 0 0 0 0 0 0 0 0 0 22 37 0 0 0 0 0 14 14 0 0 0 0 0 0 0 0 0 0 0 0 14 22 13 41 22 0 0 0 90bc59dafe96c97402785b619dcfdd21_1168_80
0 0 0 15 0 0 0 0 0 0 0 0 0 0 0 0 0 0 36 0 0 0 0 0 0 0 0 0 0 0 0 0 0 0 0 0 0 0 0 0 0 0 0 0 0 0 0 15 0 0 0 0 0 0 0 0 0 0 0 0 15 0 0 0 0 0 0 0 0 0 0 0 0 0 22 0 0 0 0 0 0 0 0 0 0 0 0 0 0 0 0 22 36 0 0 0 0 0 15 15 0 0 0 0 0 0 0 0 0 0 0 0 15 22 14 35 22 0 0 0 90bc59dafe96c97402785b619dcfdd21_1168_81
0 0 0 15 0 0 0 0 0 0 0 0 0 0 0 0 0 0 36 0 0 0 0 0 0 0 0 0 0 0 0 0 0 0 0 0 0 0 0 0 0 0 0 0 0 0 0 16 0 0 0 0 0 0 0 0 0 0 0 0 16 0 0 0 0 0 0 0 0 0 0 0 0 0 21 0 0 0 0 0 0 0 0 0 0 0 0 0 0 0 0 21 36 0 0 0 0 0 15 16 0 0 0 0 0 0 0 0 0 0 0 0 16 21 15 34 21 0 0 0 90bc59dafe96c97402785b619dcfdd21_1072_55
0 0 0 14 0 0 0 0 0 0 0 0 0 0 0 0 0 0 38 0 0 0 0 0 0 0 0 0 0 0 0 0 0 0 0 0 0 0 0 0 0 0 0 0 0 0 0 13 0 0 0 0 0 0 0 0 0 0 0 0 13 0 0 0 0 0 0 0 0 0 0 0 0 0 24 0 0 0 0 0 0 0 0 0 0 0 0 0 0 0 0 23 38 0 0 0 0 0 14 13 0 0 0 0 0 0 0 0 0 0 0 0 13 24 12 36 24 0 0 0 90bc59dafe96c97402785b619dcfdd21_1072_54
0 0 0 14 0 0 0 0 0 0 0 0 0 0 0 0 0 0 38 0 0 0 0 0 0 0 0 0 0 0 0 0 0 0 0 0 0 0 0 0 0 0 0 0 0 0 0 14 0 0 0 0 0 0 0 0 0 0 0 0 14 0 0 0 0 0 0 0 0 0 0 0 0 0 23 0 0 0 0 0 0 0 0 0 0 0 0 0 0 0 0 23 38 0 0 0 0 0 14 14 0 0 0 0 0 0 0 0 0 0 0 0 13 24 10 36 24 0 0 0 90bc59dafe96c97402785b619dcfdd21_1072_57
0 0 0 15 0 0 0 0 0 0 0 0 0 0 0 0 0 0 37 0 0 0 0 0 0 0 0 0 0 0 0 0 0 0 0 0 0 0 0 0 0 0 0 0 0 0 0 14 0 0 0 0 0 0 0 0 0 0 0 0 14 0 0 0 0 0 0 0 0 0 0 0 0 0 22 0 0 0 0 0 0 0 0 0 0 0 0 0 0 0 0 22 37 0 0 0 0 0 14 14 0 0 0 0 0 0 0 0 0 0 0 0 14 22 15 37 22 0 0 0 90bc59dafe96c97402785b619dcfdd21_1072_56
0 0 0 14 0 0 0 0 0 0 0 0 0 0 0 0 0 0 36 0 0 0 0 0 0 0 0 0 0 0 0 0 0 0 0 0 0 0 0 0 0 0 0 0 0 0 0 15 0 0 0 0 0 0 0 0 0 0 0 0 15 0 0 0 0 0 0 0 0 0 0 0 0 0 23 0 0 0 0 0 0 0 0 0 0 0 0 0 0 0 0 23 36 0 0 0 0 0 14 14 0 0 0 0 0 0 0 0 0 0 0 0 15 22 14 36 22 0 0 0 90bc59dafe96c97402785b619dcfdd21_1072_51
0 0 0 13 0 0 0 0 0 0 0 0 0 0 0 0 0 0 39 0 0 0 0 0 0 0 0 0 0 0 0 0 0 0 0 0 0 0 0 0 0 0 0 0 0 0 0 13 0 0 0 0 0 0 0 0 0 0 0 0 13 0 0 0 0 0 0 0 0 0 0 0 0 0 26 0 0 0 0 0 0 0 0 0 0 0 0 0 0 0 0 26 40 0 0 0 0 0 13 13 0 0 0 0 0 0 0 0 0 0 0 0 13 27 9 27 27 0 0 0 90bc59dafe96c97402785b619dcfdd21_1072_50
0 0 0 16 0 0 0 0 0 0 0 0 0 0 0 0 0 0 37 0 0 0 0 0 0 0 0 0 0 0 0 0 0 0 0 0 0 0 0 0 0 0 0 0 0 0 0 16 0 0 0 0 0 0 0 0 0 0 0 0 16 0 0 0 0 0 0 0 0 0 0 0 0 0 21 0 0 0 0 0 0 0 0 0 0 0 0 0 0 0 0 21 37 0 0 0 0 0 16 16 0 0 0 0 0 0 0 0 0 0 0 0 16 21 11 34 21 0 0 0 90bc59dafe96c97402785b619dcfdd21_1072_53
0 0 0 15 0 0 0 0 0 0 0 0 0 0 0 0 0 0 36 0 0 0 0 0 0 0 0 0 0 0 0 0 0 0 0 0 0 0 0 0 0 0 0 0 0 0 0 14 0 0 0 0 0 0 0 0 0 0 0 0 15 0 0 0 0 0 0 0 0 0 0 0 0 0 21 0 0 0 0 0 0 0 0 0 0 0 0 0 0 0 0 21 36 0 0 0 0 0 15 14 0 0 0 0 0 0 0 0 0 0 0 0 15 21 15 40 21 0 0 0 90bc59dafe96c97402785b619dcfdd21_1072_52
0 0 0 15 0 0 0 0 0 0 0 0 0 0 0 0 0 0 37 0 0 0 0 0 0 0 0 0 0 0 0 0 0 0 0 0 0 0 0 0 0 0 0 0 0 0 0 14 0 0 0 0 0 0 0 0 0 0 0 0 14 0 0 0 0 0 0 0 0 0 0 0 0 0 22 0 0 0 0 0 0 0 0 0 0 0 0 0 0 0 0 22 36 0 0 0 0 0 14 14 0 0 0 0 0 0 0 0 0 0 0 0 15 22 15 37 22 0 0 0 90bc59dafe96c97402785b619dcfdd21_1072_59
0 0 0 14 0 0 0 0 0 0 0 0 0 0 0 0 0 0 36 0 0 0 0 0 0 0 0 0 0 0 0 0 0 0 0 0 0 0 0 0 0 0 0 0 0 0 0 15 0 0 0 0 0 0 0 0 0 0 0 0 15 0 0 0 0 0 0 0 0 0 0 0 0 0 22 0 0 0 0 0 0 0 0 0 0 0 0 0 0 0 0 23 36 0 0 0 0 0 15 15 0 0 0 0 0 0 0 0 0 0 0 0 15 22 14 35 22 0 0 0 90bc59dafe96c97402785b619dcfdd21_1072_58