0 0 0 0 0 0 0 0 15 0 0 18 0 0 0 0 0 0 10 0 5 0 0 0 10 0 0 0 10 10 0 15 4 0 0 0 0 0 0 0 0 0 0 0 0 0 0 0 0 0 0 0 0 0 16 7 0 0 15 0 0 0 0 0 0 0 0 0 0 0 0 0 10 15 6 16 0 0 0 0 0 0 0 0 0 16 0 58 0 0 0 6 10 0 0 0 0 0 0 0 0 0 0 8 0 0 0 0 5 8 6 0 0 0 0 0 0 0 0 0 83f04b9aebe38cb456cf68f206b0f688_1732_48
0 0 0 0 0 0 0 0 16 0 0 16 0 0 0 0 0 0 8 0 5 0 0 0 8 0 0 0 8 8 0 17 1 0 0 0 0 0 0 0 0 0 0 0 0 0 0 0 0 0 0 0 0 0 15 8 0 0 17 0 0 0 0 0 0 0 0 0 0 0 0 0 8 16 5 15 0 0 0 0 0 0 0 0 0 15 0 73 0 0 0 5 8 0 0 0 0 0 0 0 0 0 0 8 0 0 0 0 5 8 6 0 0 0 0 0 0 0 0 0 83f04b9aebe38cb456cf68f206b0f688_1332_82
0 0 0 0 0 0 0 0 12 0 0 22 0 0 0 0 0 0 12 0 3 0 0 0 11 0 0 0 11 12 0 12 3 0 0 0 0 0 0 0 0 0 0 0 0 0 0 0 0 0 0 0 0 0 9 10 0 0 12 0 0 0 0 0 0 0 0 0 0 0 0 0 12 13 4 9 0 0 0 0 0 0 0 0 0 9 0 73 0 0 0 3 12 0 0 0 0 0 0 0 1 0 0 11 0 0 0 0 4 11 8 0 0 0 0 0 0 0 0 0 83f04b9aebe38cb456cf68f206b0f688_1732_35
0 0 0 0 0 0 0 0 15 0 0 19 0 0 0 0 0 0 10 0 5 0 0 0 10 0 0 0 10 10 0 15 2 0 0 0 0 0 0 0 0 0 0 0 0 0 0 0 0 0 0 0 0 0 12 9 0 0 15 0 0 0 0 0 0 0 0 0 0 0 0 0 11 16 5 13 0 0 0 0 0 0 0 0 0 13 0 63 0 0 0 5 10 0 0 0 0 0 0 0 1 0 0 9 0 0 0 0 5 9 7 0 0 0 0 0 0 0 0 0 83f04b9aebe38cb456cf68f206b0f688_1332_35
0 0 0 0 0 0 0 0 15 0 0 19 0 0 0 0 0 0 11 0 4 0 0 0 11 0 0 0 11 11 0 15 3 0 0 0 0 0 0 0 0 0 0 0 0 0 0 0 0 0 0 0 0 0 12 9 0 0 15 0 0 0 0 0 0 0 0 0 0 0 0 0 11 15 5 12 0 0 0 0 0 0 0 0 0 12 0 60 0 0 0 5 11 0 0 0 0 0 0 0 0 0 0 9 0 0 0 0 5 8 10 0 0 0 0 0 0 0 0 0 83f04b9aebe38cb456cf68f206b0f688_1732_29
0 0 0 0 0 0 0 0 13 0 0 21 0 0 0 0 0 0 11 0 4 0 0 0 11 0 0 0 10 10 0 14 4 0 0 0 0 0 0 0 0 0 0 0 0 0 0 0 0 0 0 0 0 0 12 10 0 0 13 0 0 0 0 0 0 0 0 0 0 0 0 0 10 13 4 12 0 0 0 0 0 0 0 0 0 12 0 64 0 0 0 4 11 0 0 0 0 0 0 0 0 0 0 10 0 0 0 0 5 10 11 0 0 0 0 0 0 0 0 0 83f04b9aebe38cb456cf68f206b0f688_1732_68
0 0 0 0 0 0 0 0 15 0 0 19 0 0 0 0 0 0 11 0 5 0 0 0 11 0 0 0 11 12 0 15 4 0 0 0 0 0 0 0 0 0 0 0 0 0 0 0 0 0 0 0 0 0 15 5 0 0 15 0 0 0 0 0 0 0 0 0 0 0 0 0 13 18 5 15 0 0 0 0 0 0 0 0 0 15 0 47 0 0 0 5 11 0 0 0 0 0 0 0 3 0 0 8 0 0 0 0 5 8 8 0 0 0 0 0 0 0 0 0 83f04b9aebe38cb456cf68f206b0f688_1732_26
0 0 0 0 0 0 0 0 15 0 0 20 0 0 0 0 0 0 12 0 5 0 0 0 12 0 0 0 12 8 0 15 3 0 0 0 0 0 0 0 0 0 0 0 0 0 0 0 0 0 0 0 0 0 15 7 0 0 15 0 0 0 0 0 0 0 0 0 0 0 0 0 8 15 6 15 0 0 0 0 0 0 0 0 0 15 0 55 0 0 0 6 12 0 0 0 0 0 0 0 0 0 0 8 0 0 0 0 5 8 7 0 0 0 0 0 0 0 0 0 83f04b9aebe38cb456cf68f206b0f688_1732_31
0 0 0 0 0 0 0 0 9 0 0 24 0 0 0 0 0 0 12 0 3 0 0 0 12 0 0 0 12 12 0 9 6 0 0 0 0 0 0 0 0 0 0 0 0 0 0 0 0 0 0 0 0 0 10 11 0 0 9 0 0 0 0 0 0 0 0 0 0 0 0 0 11 9 3 9 0 0 0 0 0 0 0 0 0 9 0 74 0 0 0 3 12 0 0 0 0 0 0 0 0 0 0 12 0 0 0 0 3 12 13 0 0 0 0 0 0 0 0 0 83f04b9aebe38cb456cf68f206b0f688_1332_34
0 0 0 0 0 0 0 0 13 0 0 19 0 0 0 0 0 0 8 0 5 0 0 0 8 0 0 0 8 11 0 13 1 0 0 0 0 0 0 0 0 0 0 0 0 0 0 0 0 0 0 0 0 0 15 9 0 0 13 0 0 0 0 0 0 0 0 0 0 0 0 0 10 13 6 15 0 0 0 0 0 0 0 0 0 15 0 67 0 0 0 6 8 0 0 0 0 0 0 0 0 0 0 11 0 0 0 0 4 11 10 0 0 0 0 0 0 0 0 0 83f04b9aebe38cb456cf68f206b0f688_1332_56
0 0 0 0 0 0 0 0 12 0 0 19 0 0 0 0 0 0 9 0 4 0 0 0 9 0 0 0 9 13 0 12 4 0 0 0 0 0 0 0 0 0 0 0 0 0 0 0 0 0 0 0 0 0 14 7 0 0 12 0 0 0 0 0 0 0 0 0 0 0 0 0 12 14 4 14 0 0 0 0 0 0 0 0 0 14 0 70 0 0 0 4 9 0 0 0 0 0 0 0 2 0 0 10 0 0 0 0 4 10 8 0 0 0 0 0 0 0 0 0 83f04b9aebe38cb456cf68f206b0f688_1732_40
0 0 0 0 0 0 0 0 12 0 0 21 0 0 0 0 0 0 12 0 5 0 0 0 12 0 0 0 12 9 0 12 2 0 0 0 0 0 0 0 0 0 0 0 0 0 0 0 0 0 0 0 0 0 15 7 0 0 12 0 0 0 0 0 0 0 0 0 0 0 0 0 8 12 6 15 0 0 0 0 0 0 0 0 0 15 0 65 0 0 0 6 12 0 0 0 0 0 0 0 0 0 0 9 0 0 0 0 4 9 7 0 0 0 0 0 0 0 0 0 83f04b9aebe38cb456cf68f206b0f688_1332_31
0 0 0 0 0 0 0 0 15 0 0 15 0 0 0 0 0 0 6 0 5 0 0 0 6 0 0 0 6 11 0 14 0 0 0 0 0 0 0 0 0 0 0 0 0 0 0 0 0 0 0 0 0 0 15 7 0 0 14 0 0 0 0 0 0 0 0 0 0 0 0 0 10 15 6 15 0 0 0 0 0 0 0 0 0 15 0 86 0 0 0 6 6 0 0 0 0 0 0 0 0 0 0 9 0 0 0 0 4 9 4 0 0 0 0 0 0 0 0 0 83f04b9aebe38cb456cf68f206b0f688_1732_61
0 0 0 0 0 0 0 0 9 0 0 23 0 0 0 0 0 0 11 0 4 0 0 0 11 0 0 0 12 11 0 9 5 0 0 0 0 0 0 0 0 0 0 0 0 0 0 0 0 0 0 0 0 0 12 11 0 0 9 0 0 0 0 0 0 0 0 0 0 0 0 0 11 9 3 12 0 0 0 0 0 0 0 0 0 12 0 73 0 0 0 4 11 0 0 0 0 0 0 0 0 0 0 11 0 0 0 0 3 11 12 0 0 0 0 0 0 0 0 0 83f04b9aebe38cb456cf68f206b0f688_1732_34
0 0 0 0 0 0 0 0 12 0 0 19 0 0 0 0 0 0 9 0 4 0 0 0 9 0 0 0 9 11 0 12 2 0 0 0 0 0 0 0 0 0 0 0 0 0 0 0 0 0 0 0 0 0 10 11 0 0 12 0 0 0 0 0 0 0 0 0 0 0 0 0 11 12 4 11 0 0 0 0 0 0 0 0 0 11 0 80 0 0 0 4 9 0 0 0 0 0 0 0 0 0 0 10 0 0 0 0 4 10 13 0 0 0 0 0 0 0 0 0 83f04b9aebe38cb456cf68f206b0f688_1732_84
0 0 0 0 0 0 0 0 14 0 0 20 0 0 0 0 0 0 11 0 5 0 0 0 11 0 0 0 11 9 0 13 4 0 0 0 0 0 0 0 0 0 0 0 0 0 0 0 0 0 0 0 0 0 15 8 0 0 14 0 0 0 0 0 0 0 0 0 0 0 0 0 8 14 5 15 0 0 0 0 0 0 0 0 0 15 0 58 0 0 0 5 11 0 0 0 0 0 0 0 0 0 0 9 0 0 0 0 4 9 11 0 0 0 0 0 0 0 0 0 83f04b9aebe38cb456cf68f206b0f688_1332_44
0 0 0 0 0 0 0 0 15 0 0 17 0 0 0 0 0 0 7 0 5 0 0 0 8 0 0 0 8 9 0 15 1 0 0 0 0 0 0 0 0 0 0 0 0 0 0 0 0 0 0 0 0 0 15 9 0 0 15 0 0 0 0 0 0 0 0 0 0 0 0 0 10 15 6 15 0 0 0 0 0 0 0 0 0 15 0 67 0 0 0 6 7 0 0 0 0 0 0 0 0 0 0 9 0 0 0 0 5 9 11 0 0 0 0 0 0 0 0 0 83f04b9aebe38cb456cf68f206b0f688_1332_61
0 0 0 0 0 0 0 0 15 0 0 19 0 0 0 0 0 0 10 0 5 0 0 0 10 0 0 0 10 9 0 15 2 0 0 0 0 0 0 0 0 0 0 0 0 0 0 0 0 0 0 0 0 0 14 9 0 0 15 0 0 0 0 0 0 0 0 0 0 0 0 0 10 15 5 14 0 0 0 0 0 0 0 0 0 14 0 63 0 0 0 5 10 0 0 0 0 0 0 0 0 0 0 9 0 0 0 0 5 9 7 0 0 0 0 0 0 0 0 0 83f04b9aebe38cb456cf68f206b0f688_1332_77
0 0 0 0 0 0 0 0 18 0 0 16 0 0 0 0 0 0 9 0 6 0 0 0 9 0 0 0 8 8 0 18 4 0 0 0 0 0 0 0 0 0 0 0 0 0 0 0 0 0 0 0 0 0 17 8 0 0 18 0 0 0 0 0 0 0 0 0 0 0 0 0 8 18 6 18 0 0 0 0 0 0 0 0 0 17 0 46 0 0 0 6 9 0 0 0 0 0 0 0 0 0 0 8 0 0 0 0 6 8 10 0 0 0 0 0 0 0 0 0 83f04b9aebe38cb456cf68f206b0f688_1332_33
0 0 0 0 0 0 0 0 12 0 0 21 0 0 0 0 0 0 11 0 4 0 0 0 11 0 0 0 12 10 0 12 3 0 0 0 0 0 0 0 0 0 0 0 0 0 0 0 0 0 0 0 0 0 12 11 0 0 12 0 0 0 0 0 0 0 0 0 0 0 0 0 11 12 4 12 0 0 0 0 0 0 0 0 0 12 0 65 0 0 0 4 11 0 0 0 0 0 0 0 0 0 0 10 0 0 0 0 4 10 13 0 0 0 0 0 0 0 0 0 83f04b9aebe38cb456cf68f206b0f688_1332_32
0 0 0 0 0 0 0 0 13 0 0 20 0 0 0 0 0 0 10 0 4 0 0 0 10 0 0 0 10 10 0 14 2 0 0 0 0 0 0 0 0 0 0 0 0 0 0 0 0 0 0 0 0 0 12 10 0 0 14 0 0 0 0 0 0 0 0 0 0 0 0 0 10 14 4 12 0 0 0 0 0 0 0 0 0 12 0 71 0 0 0 4 10 0 0 0 0 0 0 0 0 0 0 10 0 0 0 0 5 10 8 0 0 0 0 0 0 0 0 0 83f04b9aebe38cb456cf68f206b0f688_1332_55
0 0 0 0 0 0 0 0 12 0 0 22 0 0 0 0 0 0 13 0 4 0 0 0 13 0 0 0 13 9 0 12 7 0 0 0 0 0 0 0 0 0 0 0 0 0 0 0 0 0 0 0 0 0 12 9 0 0 12 0 0 0 0 0 0 0 0 0 0 0 0 0 9 12 4 12 0 0 0 0 0 0 0 0 0 12 0 60 0 0 0 4 13 0 0 0 0 0 0 0 0 0 0 9 0 0 0 0 4 9 13 0 0 0 0 0 0 0 0 0 83f04b9aebe38cb456cf68f206b0f688_1732_76
0 0 0 0 0 0 0 0 15 0 0 19 0 0 0 0 0 0 9 0 4 0 0 0 9 0 0 0 9 10 0 15 5 0 0 0 0 0 0 0 0 0 0 0 0 0 0 0 0 0 0 0 0 0 12 10 0 0 15 0 0 0 0 0 0 0 0 0 0 0 0 0 10 15 4 12 0 0 0 0 0 0 0 0 0 12 0 64 0 0 0 4 9 0 0 0 0 0 0 0 0 0 0 10 0 0 0 0 5 10 12 0 0 0 0 0 0 0 0 0 83f04b9aebe38cb456cf68f206b0f688_1332_72
0 0 0 0 0 0 0 0 12 0 0 22 0 0 0 0 0 0 12 0 4 0 0 0 12 0 0 0 12 11 0 12 6 0 0 0 0 0 0 0 0 0 0 0 0 0 0 0 0 0 0 0 0 0 12 10 0 0 12 0 0 0 0 0 0 0 0 0 0 0 0 0 10 12 4 12 0 0 0 0 0 0 0 0 0 12 0 56 0 0 0 4 12 0 0 0 0 0 0 0 0 0 0 11 0 0 0 0 4 10 15 0 0 0 0 0 0 0 0 0 83f04b9aebe38cb456cf68f206b0f688_1732_59
0 0 0 0 0 0 0 0 12 0 0 20 0 0 0 0 0 0 9 0 4 0 0 0 9 0 0 0 9 11 0 12 1 0 0 0 0 0 0 0 0 0 0 0 0 0 0 0 0 0 0 0 0 0 12 10 0 0 12 0 0 0 0 0 0 0 0 0 0 0 0 0 11 12 5 12 0 0 0 0 0 0 0 0 0 12 0 75 0 0 0 5 9 0 0 0 0 0 0 0 0 0 0 11 0 0 0 0 4 11 11 0 0 0 0 0 0 0 0 0 83f04b9aebe38cb456cf68f206b0f688_1732_71
0 0 0 0 0 0 0 0 15 0 0 17 0 0 0 0 0 0 8 0 5 0 0 0 8 0 0 0 8 14 0 15 5 0 0 0 0 0 0 0 0 0 0 0 0 0 0 0 0 0 0 0 0 0 15 7 0 0 15 0 0 0 0 0 0 0 0 0 0 0 0 0 14 17 5 15 0 0 0 0 0 0 0 0 0 15 0 54 0 0 0 5 8 0 0 0 0 0 0 0 2 0 0 9 0 0 0 0 5 9 9 0 0 0 0 0 0 0 0 0 83f04b9aebe38cb456cf68f206b0f688_1332_26
0 0 0 0 0 0 0 0 12 0 0 20 0 0 0 0 0 0 9 0 4 0 0 0 9 0 0 0 9 11 0 12 1 0 0 0 0 0 0 0 0 0 0 0 0 0 0 0 0 0 0 0 0 0 12 10 0 0 12 0 0 0 0 0 0 0 0 0 0 0 0 0 11 12 5 12 0 0 0 0 0 0 0 0 0 12 0 75 0 0 0 5 9 0 0 0 0 0 0 0 0 0 0 11 0 0 0 0 4 11 11 0 0 0 0 0 0 0 0 0 83f04b9aebe38cb456cf68f206b0f688_1332_78
0 0 0 0 0 0 0 0 12 0 0 20 0 0 0 0 0 0 13 0 4 0 0 0 11 0 0 0 11 15 0 11 4 0 0 1 0 0 1 1 0 0 0 0 0 0 0 0 0 0 0 0 0 0 12 6 0 0 12 0 0 0 0 0 0 0 0 0 0 0 0 0 15 15 4 12 0 0 0 0 0 0 0 0 0 12 0 54 0 0 0 4 14 0 0 0 0 0 0 0 3 0 0 9 0 0 0 0 3 9 11 0 0 0 0 0 0 0 0 0 83f04b9aebe38cb456cf68f206b0f688_1332_25
0 0 0 0 0 0 0 0 12 0 0 22 0 0 0 0 0 0 13 0 4 0 0 0 13 0 0 0 13 8 0 12 6 0 0 0 0 0 0 0 0 0 0 0 0 0 0 0 0 0 0 0 0 0 15 8 0 0 12 0 0 0 0 0 0 0 0 0 0 0 0 0 8 12 4 14 0 0 0 0 0 0 0 0 0 14 0 58 0 0 0 4 13 0 0 0 0 0 0 0 0 0 0 8 0 0 0 0 4 9 13 0 0 0 0 0 0 0 0 0 83f04b9aebe38cb456cf68f206b0f688_1332_58
0 0 0 0 0 0 0 0 13 0 0 19 0 0 0 0 0 0 9 0 5 0 0 0 9 0 0 0 9 11 0 12 5 0 0 0 0 0 0 0 0 0 0 0 0 0 0 0 0 0 0 0 0 0 13 10 0 0 13 0 0 0 0 0 0 0 0 0 0 0 0 0 11 13 5 14 0 0 0 0 0 0 0 0 0 14 0 64 0 0 0 5 9 0 0 0 0 0 0 0 0 0 0 10 0 0 0 0 4 10 12 0 0 0 0 0 0 0 0 0 83f04b9aebe38cb456cf68f206b0f688_1732_43
0 0 0 0 0 0 0 0 18 0 0 16 0 0 0 0 0 0 8 0 5 0 0 0 8 0 0 0 8 14 0 18 4 0 0 0 0 0 0 0 0 0 0 0 0 0 0 0 0 0 0 0 0 0 15 8 0 0 18 0 0 0 0 0 0 0 0 0 0 0 0 0 14 18 6 15 0 0 0 0 0 0 0 0 0 15 0 46 0 0 0 5 8 0 0 0 0 0 0 0 0 0 0 8 0 0 0 0 6 8 10 0 0 0 0 0 0 0 0 0 83f04b9aebe38cb456cf68f206b0f688_1732_53
0 0 0 0 0 0 0 0 18 0 0 16 0 0 0 0 0 0 8 0 6 0 0 0 7 0 0 0 7 9 0 18 2 0 0 0 0 0 0 0 0 0 0 0 0 0 0 0 0 0 0 0 0 0 18 8 0 0 18 0 0 0 0 0 0 0 0 0 0 0 0 0 8 18 6 18 0 0 0 0 0 0 0 0 0 18 0 52 0 0 0 6 7 0 0 0 0 0 0 0 0 0 0 9 0 0 0 0 6 9 7 0 0 0 0 0 0 0 0 0 83f04b9aebe38cb456cf68f206b0f688_1332_62
0 0 0 0 0 0 0 0 16 0 0 17 0 0 0 0 0 0 8 0 5 0 0 0 8 0 0 0 8 9 0 17 4 0 0 0 0 0 0 0 0 0 0 0 0 0 0 0 0 0 0 0 0 0 17 9 0 0 17 0 0 0 0 0 0 0 0 0 0 0 0 0 9 16 5 16 0 0 0 0 0 0 0 0 0 17 0 54 0 0 0 5 8 0 0 0 0 0 0 0 0 0 0 9 0 0 0 0 6 9 10 0 0 0 0 0 0 0 0 0 83f04b9aebe38cb456cf68f206b0f688_1332_42
0 0 0 0 0 1 1 3 12 1 0 16 3 0 0 0 4 0 8 1 3 0 0 0 7 0 0 0 7 12 0 12 3 12 0 0 0 0 0 0 0 0 1 3 1 0 0 0 1 0 1 0 0 0 10 6 0 0 12 1 0 3 0 0 0 0 6 0 0 0 0 3 10 12 3 15 4 0 0 0 0 0 0 4 0 10 1 42 1 4 0 3 8 6 0 0 0 0 0 0 0 0 0 6 0 0 0 0 3 6 7 0 0 0 0 0 0 0 0 0 83f04b9aebe38cb456cf68f206b0f688_1332_93
0 0 0 0 0 0 0 0 14 0 0 19 0 0 0 0 0 0 8 0 5 0 0 0 8 0 0 0 8 10 0 13 1 0 0 0 0 0 0 0 0 0 0 0 0 0 0 0 0 0 0 0 0 0 15 9 0 0 13 0 0 0 0 0 0 0 0 0 0 0 0 0 10 13 6 15 0 0 0 0 0 0 0 0 0 15 0 67 0 0 0 6 8 0 0 0 0 0 0 0 0 0 0 11 0 0 0 0 4 11 10 0 0 0 0 0 0 0 0 0 83f04b9aebe38cb456cf68f206b0f688_1332_83
0 0 0 0 0 0 0 0 17 0 0 16 0 0 0 0 0 0 8 0 6 0 0 0 8 0 0 0 8 14 0 16 4 0 0 0 0 0 0 0 0 0 0 0 0 0 0 0 0 0 0 0 0 0 16 8 0 0 16 0 0 0 0 0 0 0 0 0 0 0 0 0 14 17 6 17 0 0 0 0 0 0 0 0 0 17 0 46 0 0 0 6 8 0 0 0 0 0 0 0 0 0 0 8 0 0 0 0 5 8 10 0 0 0 0 0 0 0 0 0 83f04b9aebe38cb456cf68f206b0f688_1732_80
0 0 0 0 0 0 0 0 15 0 0 19 0 0 0 0 0 0 10 0 5 0 0 0 11 0 0 0 11 14 0 15 4 0 0 0 0 0 0 0 0 0 0 0 0 0 0 0 0 0 0 0 0 0 15 8 0 0 15 0 0 0 0 0 0 0 0 0 0 0 0 0 14 15 5 15 0 0 0 0 0 0 0 0 0 15 0 46 0 0 0 5 11 0 0 0 0 0 0 0 0 0 0 8 0 0 0 0 5 8 10 0 0 0 0 0 0 0 0 0 83f04b9aebe38cb456cf68f206b0f688_1732_63
0 0 0 0 0 0 0 0 15 0 0 17 0 0 0 0 0 0 8 0 5 0 0 0 8 0 0 0 8 14 0 15 4 0 0 0 0 0 0 0 0 0 0 0 0 0 0 0 0 0 0 0 0 0 18 8 0 0 15 0 0 0 0 0 0 0 0 0 0 0 0 0 13 15 5 18 0 0 0 0 0 0 0 0 0 18 0 49 0 0 0 5 8 0 0 0 0 0 0 0 0 0 0 9 0 0 0 0 5 9 10 0 0 0 0 0 0 0 0 0 83f04b9aebe38cb456cf68f206b0f688_1732_30
0 0 0 0 0 0 0 0 16 0 0 17 0 0 0 0 0 0 8 0 6 0 0 0 8 0 0 0 8 9 0 15 4 0 0 0 0 0 0 0 0 0 0 0 0 0 0 0 0 0 0 0 0 0 18 8 0 0 15 0 0 0 0 0 0 0 0 0 0 0 0 0 8 16 6 18 0 0 0 0 0 0 0 0 0 18 0 54 0 0 0 6 8 0 0 0 0 0 0 0 0 0 0 9 0 0 0 0 5 9 10 0 0 0 0 0 0 0 0 0 83f04b9aebe38cb456cf68f206b0f688_1332_50
0 0 0 0 0 0 0 0 12 0 0 20 0 0 0 0 0 0 9 0 4 0 0 0 10 0 0 0 10 10 0 12 5 0 0 0 0 0 0 0 0 0 0 0 0 0 0 0 0 0 0 0 0 0 12 11 0 0 12 0 0 0 0 0 0 0 0 0 0 0 0 0 11 12 4 12 0 0 0 0 0 0 0 0 0 12 0 70 0 0 0 4 10 0 0 0 0 0 0 0 0 0 0 10 0 0 0 0 4 10 13 0 0 0 0 0 0 0 0 0 83f04b9aebe38cb456cf68f206b0f688_1732_27
0 0 0 0 0 0 0 0 24 0 0 10 0 0 0 0 0 0 5 0 8 0 0 0 5 0 0 0 5 5 0 24 2 0 0 0 0 0 0 0 0 0 0 0 0 0 0 0 0 0 0 0 0 0 24 3 0 0 24 0 0 0 0 0 0 0 0 0 0 0 0 0 4 24 9 24 0 0 0 0 0 0 0 0 0 24 0 41 0 0 0 9 5 0 0 0 0 0 0 0 0 0 0 5 0 0 0 0 7 5 3 0 0 0 0 0 0 0 0 0 83f04b9aebe38cb456cf68f206b0f688_1332_64
0 0 0 0 0 0 0 0 11 0 0 25 0 0 0 0 0 0 16 0 3 0 0 0 16 0 0 0 16 9 0 12 5 0 0 0 0 0 0 0 0 0 0 0 0 0 0 0 0 0 0 0 0 0 9 9 0 0 11 0 0 0 0 0 0 0 0 0 0 0 0 0 9 11 3 9 0 0 0 0 0 0 0 0 0 9 0 66 0 0 0 3 16 0 0 0 0 0 0 0 0 0 0 9 0 0 0 0 4 8 10 0 0 0 0 0 0 0 0 0 83f04b9aebe38cb456cf68f206b0f688_1732_73
0 0 0 0 0 0 0 0 9 0 0 23 0 0 0 0 0 0 12 0 4 0 0 0 12 0 0 0 12 11 0 9 5 0 0 0 0 0 0 0 0 0 0 0 0 0 0 0 0 0 0 0 0 0 12 11 0 0 9 0 0 0 0 0 0 0 0 0 0 0 0 0 11 9 3 12 0 0 0 0 0 0 0 0 0 12 0 73 0 0 0 3 12 0 0 0 0 0 0 0 0 0 0 11 0 0 0 0 3 11 10 0 0 0 0 0 0 0 0 0 83f04b9aebe38cb456cf68f206b0f688_1732_54
3 1 0 0 0 0 0 2 3 0 0 0 7 45 44 0 0 0 3 0 0 0 0 0 0 1 3 1 0 4 3 3 44 0 3 0 0 1 0 0 0 0 5 0 0 0 0 0 0 0 0 0 2 0 4 0 0 1 3 0 0 0 1 0 1 0 0 0 0 0 2 2 4 5 0 3 0 0 0 0 1 1 0 0 0 4 0 47 4 0 0 0 3 26 0 1 2 0 0 0 0 0 0 0 2 0 1 3 0 0 0 0 0 0 0 0 0 0 0 0 84dffc6d32371bbbfa701551e363af30_1456_7096
0 0 0 0 0 0 0 0 12 0 0 22 0 0 0 0 0 0 13 0 4 0 0 0 12 0 0 0 12 10 0 12 6 0 0 0 0 0 0 0 0 0 0 0 0 0 0 0 0 0 0 0 0 0 12 9 0 0 12 0 0 0 0 0 0 0 0 0 0 0 0 0 9 12 4 12 0 0 0 0 0 0 0 0 0 12 0 62 0 0 0 4 13 0 0 0 0 0 0 0 0 0 0 10 0 0 0 0 4 10 11 0 0 0 0 0 0 0 0 0 83f04b9aebe38cb456cf68f206b0f688_1332_39
0 0 0 0 0 0 0 0 12 0 0 22 0 0 0 0 0 0 12 0 4 0 0 0 12 0 0 0 12 10 0 12 5 0 0 0 0 0 0 0 0 0 0 0 0 0 0 0 0 0 0 0 0 0 12 9 0 0 12 0 0 0 0 0 0 0 0 0 0 0 0 0 9 12 4 12 0 0 0 0 0 0 0 0 0 12 0 64 0 0 0 4 12 0 0 0 0 0 0 0 0 0 0 10 0 0 0 0 4 10 12 0 0 0 0 0 0 0 0 0 83f04b9aebe38cb456cf68f206b0f688_1732_55
0 0 0 0 0 0 0 0 13 0 0 19 0 0 0 0 0 0 11 0 5 0 0 0 11 0 0 0 11 11 0 14 3 0 0 0 0 0 0 0 0 0 0 0 0 0 0 0 0 0 0 0 0 0 15 8 0 0 14 0 0 0 0 0 0 0 0 0 0 0 0 0 11 14 5 15 0 0 0 0 0 0 0 0 0 15 0 58 0 0 0 5 11 0 0 0 0 0 0 0 0 0 0 8 0 0 0 0 5 8 9 0 0 0 0 0 0 0 0 0 83f04b9aebe38cb456cf68f206b0f688_1732_57
0 0 0 0 0 0 0 0 15 0 0 20 0 0 0 0 0 0 11 0 5 0 0 0 11 0 0 0 11 9 0 15 5 0 0 0 0 0 0 0 0 0 0 0 0 0 0 0 0 0 0 0 0 0 15 9 0 0 15 0 0 0 0 0 0 0 0 0 0 0 0 0 9 15 5 15 0 0 0 0 0 0 0 0 0 15 0 49 0 0 0 5 11 0 0 0 0 0 0 0 0 0 0 9 0 0 0 0 5 9 11 0 0 0 0 0 0 0 0 0 83f04b9aebe38cb456cf68f206b0f688_1332_53
0 0 0 0 0 0 0 0 15 0 0 20 0 0 0 0 0 0 11 0 5 0 0 0 11 0 0 0 11 9 0 15 5 0 0 0 0 0 0 0 0 0 0 0 0 0 0 0 0 0 0 0 0 0 15 9 0 0 15 0 0 0 0 0 0 0 0 0 0 0 0 0 9 15 5 15 0 0 0 0 0 0 0 0 0 15 0 49 0 0 0 5 11 0 0 0 0 0 0 0 0 0 0 9 0 0 0 0 5 9 11 0 0 0 0 0 0 0 0 0 83f04b9aebe38cb456cf68f206b0f688_1332_66
0 0 0 0 0 0 0 0 15 0 0 20 0 0 0 0 0 0 11 0 5 0 0 0 11 0 0 0 11 11 0 15 5 0 0 0 0 0 0 0 0 0 0 0 0 0 0 0 0 0 0 0 0 0 15 9 0 0 15 0 0 0 0 0 0 0 0 0 0 0 0 0 12 16 5 15 0 0 0 0 0 0 0 0 0 15 0 43 0 0 0 5 11 0 0 0 0 0 0 0 1 0 0 9 0 0 0 0 5 10 9 0 0 0 0 0 0 0 0 0 83f04b9aebe38cb456cf68f206b0f688_1332_45
0 0 0 0 0 0 0 0 9 0 0 24 0 0 0 0 0 0 13 0 3 0 0 0 13 0 0 0 13 11 0 9 6 0 0 0 0 0 0 0 0 0 0 0 0 0 0 0 0 0 0 0 0 0 10 11 0 0 9 0 0 0 0 0 0 0 0 0 0 0 0 0 11 9 3 10 0 0 0 0 0 0 0 0 0 10 0 67 0 0 0 3 13 0 0 0 0 0 0 0 0 0 0 11 0 0 0 0 4 11 16 0 0 0 0 0 0 0 0 0 83f04b9aebe38cb456cf68f206b0f688_1732_81
0 0 0 0 0 0 0 0 15 0 0 18 0 0 0 0 0 0 8 0 5 0 0 0 8 0 0 0 8 10 0 15 4 0 0 0 0 0 0 0 0 0 0 0 0 0 0 0 0 0 0 0 0 0 17 9 0 0 15 0 0 0 0 0 0 0 0 0 0 0 0 0 9 15 5 16 0 0 0 0 0 0 0 0 0 17 0 57 0 0 0 5 8 0 0 0 0 0 0 0 0 0 0 10 0 0 0 0 5 10 10 0 0 0 0 0 0 0 0 0 83f04b9aebe38cb456cf68f206b0f688_1332_37
0 0 0 0 0 0 0 0 15 0 0 18 0 0 0 0 0 0 10 0 5 0 0 0 9 0 0 0 9 9 0 15 3 0 0 0 0 0 0 0 0 0 0 0 0 0 0 0 0 0 0 0 0 0 15 8 0 0 15 0 0 0 0 0 0 0 0 0 0 0 0 0 9 15 6 15 0 0 0 0 0 0 0 0 0 15 0 63 0 0 0 6 10 0 0 0 0 0 0 0 0 0 0 9 0 0 0 0 5 9 6 0 0 0 0 0 0 0 0 0 83f04b9aebe38cb456cf68f206b0f688_1332_48
0 0 0 0 0 0 0 0 15 0 0 16 0 0 0 0 0 0 7 0 5 0 0 0 7 0 0 0 7 11 0 15 2 0 0 0 0 0 0 0 0 0 0 0 0 0 0 0 0 0 0 0 0 0 16 4 0 0 15 0 0 0 0 0 0 0 0 0 0 0 0 0 11 19 6 16 0 0 0 0 0 0 0 0 0 17 0 62 0 0 0 6 7 0 0 0 0 0 0 0 4 0 0 9 0 0 0 0 5 9 8 0 0 0 0 0 0 0 0 0 83f04b9aebe38cb456cf68f206b0f688_1332_28
0 0 0 0 0 0 0 0 12 0 0 20 0 0 0 0 0 0 9 0 4 0 0 0 9 0 0 0 9 11 0 12 2 0 0 0 0 0 0 0 0 0 0 0 0 0 0 0 0 0 0 0 0 0 12 11 0 0 12 0 0 0 0 0 0 0 0 0 0 0 0 0 11 12 4 12 0 0 0 0 0 0 0 0 0 12 0 73 0 0 0 4 9 0 0 0 0 0 0 0 0 0 0 11 0 0 0 0 4 11 13 0 0 0 0 0 0 0 0 0 83f04b9aebe38cb456cf68f206b0f688_1332_65
0 0 0 0 0 0 0 0 16 0 0 15 0 0 0 0 0 0 7 0 6 0 0 0 7 0 0 0 7 14 0 15 4 0 0 0 0 0 0 0 0 0 0 0 0 0 0 0 0 0 0 0 0 0 18 8 0 0 16 0 0 0 0 0 0 0 0 0 0 0 0 0 14 16 6 18 0 0 0 0 0 0 0 0 0 18 0 52 0 0 0 6 7 0 0 0 0 0 0 0 0 0 0 8 0 0 0 0 5 8 8 0 0 0 0 0 0 0 0 0 83f04b9aebe38cb456cf68f206b0f688_1732_37
0 0 0 0 0 0 0 0 12 0 0 23 0 0 0 0 0 0 14 0 4 0 0 0 14 0 0 0 14 9 0 13 6 0 0 0 0 0 0 0 0 0 0 0 0 0 0 0 0 0 0 0 0 0 13 9 0 0 13 0 0 0 0 0 0 0 0 0 0 0 0 0 9 12 4 13 0 0 0 0 0 0 0 0 0 13 0 49 0 0 0 4 14 0 0 0 0 0 0 0 0 0 0 9 0 0 0 0 5 9 14 0 0 0 0 0 0 0 0 0 83f04b9aebe38cb456cf68f206b0f688_1732_44
0 0 0 0 0 0 0 0 15 0 0 20 0 0 0 0 0 0 12 0 5 0 0 0 12 0 0 0 12 8 0 15 3 0 0 0 0 0 0 0 0 0 0 0 0 0 0 0 0 0 0 0 0 0 15 7 0 0 15 0 0 0 0 0 0 0 0 0 0 0 0 0 8 15 6 15 0 0 0 0 0 0 0 0 0 15 0 55 0 0 0 6 12 0 0 0 0 0 0 0 0 0 0 8 0 0 0 0 5 8 7 0 0 0 0 0 0 0 0 0 83f04b9aebe38cb456cf68f206b0f688_1332_51
0 0 0 0 0 0 0 0 15 0 0 20 0 0 0 0 0 0 11 0 5 0 0 0 11 0 0 0 10 9 0 15 4 0 0 0 0 0 0 0 0 0 0 0 0 0 0 0 0 0 0 0 0 0 15 9 0 0 15 0 0 0 0 0 0 0 0 0 0 0 0 0 9 15 5 15 0 0 0 0 0 0 0 0 0 15 0 54 0 0 0 5 11 0 0 0 0 0 0 0 0 0 0 9 0 0 0 0 5 9 8 0 0 0 0 0 0 0 0 0 83f04b9aebe38cb456cf68f206b0f688_1332_68
0 0 0 0 0 0 0 0 15 0 0 21 0 0 0 0 0 0 13 0 5 0 0 0 13 0 0 0 13 8 0 15 4 0 0 0 0 0 0 0 0 0 0 0 0 0 0 0 0 0 0 0 0 0 12 8 0 0 15 0 0 0 0 0 0 0 0 0 0 0 0 0 8 15 5 13 0 0 0 0 0 0 0 0 0 12 0 55 0 0 0 5 13 0 0 0 0 0 0 0 0 0 0 8 0 0 0 0 5 8 10 0 0 0 0 0 0 0 0 0 83f04b9aebe38cb456cf68f206b0f688_1732_51
0 0 0 0 0 0 0 0 15 0 0 20 0 0 0 0 0 0 11 0 4 0 0 0 11 0 0 0 11 15 0 15 5 0 0 0 0 0 0 0 0 0 0 0 0 0 0 0 0 0 0 0 0 0 12 9 0 0 15 0 0 0 0 0 0 0 0 0 0 0 0 0 15 15 4 12 0 0 0 0 0 0 0 0 0 12 0 49 0 0 0 4 11 0 0 0 0 0 0 0 0 0 0 9 0 0 0 0 5 9 11 0 0 0 0 0 0 0 0 0 83f04b9aebe38cb456cf68f206b0f688_1732_33
0 0 0 0 0 0 0 0 15 0 0 18 0 0 0 0 0 0 9 0 5 0 0 0 10 0 0 0 10 14 0 15 5 0 0 0 0 0 0 0 0 0 0 0 0 0 0 0 0 0 0 0 0 0 15 9 0 0 15 0 0 0 0 0 0 0 0 0 0 0 0 0 15 15 5 15 0 0 0 0 0 0 0 0 0 15 0 48 0 0 0 5 10 0 0 0 0 0 0 0 0 0 0 8 0 0 0 0 5 8 10 0 0 0 0 0 0 0 0 0 83f04b9aebe38cb456cf68f206b0f688_1732_50
0 0 0 0 0 0 0 0 14 0 0 21 0 0 0 0 0 0 11 0 5 0 0 0 11 0 0 0 11 10 0 13 5 0 0 0 0 0 0 0 0 0 0 0 0 0 0 0 0 0 0 0 0 0 15 9 0 0 13 0 0 0 0 0 0 0 0 0 0 0 0 0 9 14 5 15 0 0 0 0 0 0 0 0 0 15 0 53 0 0 0 5 11 0 0 0 0 0 0 0 0 0 0 10 0 0 0 0 4 10 10 0 0 0 0 0 0 0 0 0 83f04b9aebe38cb456cf68f206b0f688_1732_69
0 0 0 0 0 0 0 0 12 0 0 21 0 0 0 0 0 0 9 0 4 0 0 0 9 0 0 0 9 11 0 12 4 0 0 0 0 0 0 0 0 0 0 0 0 0 0 0 0 0 0 0 0 0 12 11 0 0 12 0 0 0 0 0 0 0 0 0 0 0 0 0 11 12 4 12 0 0 0 0 0 0 0 0 0 12 0 72 0 0 0 4 9 0 0 0 0 0 0 0 0 0 0 11 0 0 0 0 4 11 11 0 0 0 0 0 0 0 0 0 83f04b9aebe38cb456cf68f206b0f688_1332_47
0 0 0 0 0 0 0 0 18 0 0 15 0 0 0 0 0 0 7 0 6 0 0 0 7 0 0 0 7 14 0 18 2 0 0 0 0 0 0 0 0 0 0 0 0 0 0 0 0 0 0 0 0 0 18 7 0 0 18 0 0 0 0 0 0 0 0 0 0 0 0 0 13 18 6 18 0 0 0 0 0 0 0 0 0 18 0 49 0 0 0 6 7 0 0 0 0 0 0 0 0 0 0 8 0 0 0 0 5 8 6 0 0 0 0 0 0 0 0 0 83f04b9aebe38cb456cf68f206b0f688_1732_66
0 0 0 0 0 0 0 0 14 0 0 18 0 0 0 0 0 0 8 0 5 0 0 0 8 0 0 0 8 10 0 13 1 0 0 0 0 0 0 0 0 0 0 0 0 0 0 0 0 0 0 0 0 0 15 9 0 0 13 0 0 0 0 0 0 0 0 0 0 0 0 0 10 14 6 15 0 0 0 0 0 0 0 0 0 15 0 67 0 0 0 6 8 0 0 0 0 0 0 0 0 0 0 10 0 0 0 0 5 10 11 0 0 0 0 0 0 0 0 0 83f04b9aebe38cb456cf68f206b0f688_1732_74
0 0 0 0 0 0 0 0 15 0 0 20 0 0 0 0 0 0 12 0 5 0 0 0 11 0 0 0 11 10 0 15 5 0 0 0 0 0 0 0 0 0 0 0 0 0 0 0 0 0 0 0 0 0 13 9 0 0 15 0 0 0 0 0 0 0 0 0 0 0 0 0 10 15 5 14 0 0 0 0 0 0 0 0 0 14 0 49 0 0 0 5 12 0 0 0 0 0 0 0 0 0 0 9 0 0 0 0 5 9 11 0 0 0 0 0 0 0 0 0 83f04b9aebe38cb456cf68f206b0f688_1732_47
0 0 0 0 0 0 0 0 17 0 0 17 0 0 0 0 0 0 11 0 5 0 0 0 10 0 0 0 10 12 0 17 3 0 0 0 0 0 0 0 0 0 0 0 0 0 0 0 0 0 0 0 0 0 15 7 0 0 17 0 0 0 0 0 0 0 0 0 0 0 0 0 12 17 5 15 0 0 0 0 0 0 0 0 0 15 0 50 0 0 0 5 10 0 0 0 0 0 0 0 0 0 0 7 0 0 0 0 6 7 9 0 0 0 0 0 0 0 0 0 83f04b9aebe38cb456cf68f206b0f688_1732_42
0 0 0 0 0 0 0 0 15 0 0 19 0 0 0 0 0 0 10 0 5 0 0 0 10 0 0 0 10 9 0 14 5 0 0 0 0 0 0 0 0 0 0 0 0 0 0 0 0 0 0 0 0 0 15 9 0 0 15 0 0 0 0 0 0 0 0 0 0 0 0 0 9 15 5 15 0 0 0 0 0 0 0 0 0 15 0 57 0 0 0 5 10 0 0 0 0 0 0 0 0 0 0 9 0 0 0 0 4 9 10 0 0 0 0 0 0 0 0 0 83f04b9aebe38cb456cf68f206b0f688_1732_82
0 0 0 0 0 0 0 0 13 0 0 21 0 0 0 0 0 0 12 0 4 0 0 0 12 0 0 0 12 9 0 14 3 0 0 0 0 0 0 0 0 0 0 0 0 0 0 0 0 0 0 0 0 0 12 10 0 0 13 0 0 0 0 0 0 0 0 0 0 0 0 0 10 13 4 12 0 0 0 0 0 0 0 0 0 12 0 61 0 0 0 4 12 0 0 0 0 0 0 0 0 0 0 9 0 0 0 0 5 9 13 0 0 0 0 0 0 0 0 0 83f04b9aebe38cb456cf68f206b0f688_1732_79
0 0 0 0 0 0 0 0 19 0 0 15 0 0 0 0 0 0 9 0 6 0 0 0 9 0 0 0 9 8 0 19 5 0 0 0 0 0 0 0 0 0 0 0 0 0 0 0 0 0 0 0 0 0 18 6 0 0 19 0 0 0 0 0 0 0 0 0 0 0 0 0 8 19 6 18 0 0 0 0 0 0 0 0 0 18 0 45 0 0 0 6 9 0 0 0 0 0 0 0 0 0 0 6 0 0 0 0 7 6 9 0 0 0 0 0 0 0 0 0 83f04b9aebe38cb456cf68f206b0f688_1732_64
0 0 0 0 0 0 0 0 17 0 0 15 0 0 0 0 0 0 7 0 6 0 0 0 7 0 0 0 7 14 0 16 2 0 0 0 0 0 0 0 0 0 0 0 0 0 0 0 0 0 0 0 0 0 18 8 0 0 17 0 0 0 0 0 0 0 0 0 0 0 0 0 14 17 6 18 0 0 0 0 0 0 0 0 0 18 0 52 0 0 0 6 7 0 0 0 0 0 0 0 0 0 0 8 0 0 0 0 5 8 6 0 0 0 0 0 0 0 0 0 83f04b9aebe38cb456cf68f206b0f688_1732_75
0 0 0 0 0 0 0 0 12 0 0 19 0 0 0 0 0 0 9 0 4 0 0 0 9 0 0 0 9 10 0 12 2 0 0 0 0 0 0 0 0 0 0 0 0 0 0 0 0 0 0 0 0 0 11 11 0 0 12 0 0 0 0 0 0 0 0 0 0 0 0 0 11 12 4 12 0 0 0 0 0 0 0 0 0 12 0 78 0 0 0 4 9 0 0 0 0 0 0 0 0 0 0 10 0 0 0 0 4 10 13 0 0 0 0 0 0 0 0 0 83f04b9aebe38cb456cf68f206b0f688_1732_32
1 0 1 0 0 0 0 0 9 0 0 16 3 0 0 0 0 0 11 0 3 0 0 5 8 1 0 0 8 25 1 9 2 0 1 0 0 0 0 0 0 0 0 0 0 1 1 0 0 0 0 0 1 1 7 8 0 0 9 0 0 0 0 1 0 0 0 0 1 5 1 0 28 14 3 7 0 5 0 0 0 0 0 0 6 8 0 46 0 0 0 3 11 0 0 0 0 0 0 0 0 0 0 8 0 0 0 0 3 8 9 0 0 0 0 0 0 0 0 0 83f04b9aebe38cb456cf68f206b0f688_1732_93
0 0 0 0 0 0 0 0 12 0 0 20 0 0 0 0 0 0 9 0 4 0 0 0 9 0 0 0 9 11 0 12 1 0 0 0 0 0 0 0 0 0 0 0 0 0 0 0 0 0 0 0 0 0 12 10 0 0 12 0 0 0 0 0 0 0 0 0 0 0 0 0 11 12 5 12 0 0 0 0 0 0 0 0 0 12 0 75 0 0 0 5 9 0 0 0 0 0 0 0 0 0 0 11 0 0 0 0 4 11 11 0 0 0 0 0 0 0 0 0 83f04b9aebe38cb456cf68f206b0f688_1332_36
0 0 0 0 0 0 0 0 18 0 0 16 0 0 0 0 0 0 8 0 6 0 0 0 8 0 0 0 8 8 0 18 4 0 0 0 0 0 0 0 0 0 0 0 0 0 0 0 0 0 0 0 0 0 15 9 0 0 18 0 0 0 0 0 0 0 0 0 0 0 0 0 9 18 6 16 0 0 0 0 0 0 0 0 0 15 0 53 0 0 0 6 8 0 0 0 0 0 0 0 0 0 0 8 0 0 0 0 6 8 10 0 0 0 0 0 0 0 0 0 83f04b9aebe38cb456cf68f206b0f688_1332_57
0 0 0 0 0 0 0 0 19 0 0 12 0 0 0 1 0 0 7 0 7 0 0 0 6 0 0 0 6 7 0 18 4 0 0 0 0 0 0 0 0 0 0 0 0 0 0 0 0 0 0 0 0 0 21 5 0 0 18 0 0 0 0 0 0 0 0 0 0 0 0 0 5 20 7 21 0 0 0 0 0 0 0 0 0 21 0 55 0 0 0 7 7 0 0 0 0 0 0 0 0 0 0 6 0 0 0 0 6 6 7 0 0 0 0 0 0 0 0 0 83f04b9aebe38cb456cf68f206b0f688_1732_86
0 0 0 0 0 0 0 0 15 0 0 19 0 0 0 0 0 0 11 0 5 0 0 0 11 0 0 0 11 8 0 15 3 0 0 0 0 0 0 0 0 0 0 0 0 0 0 0 0 0 0 0 0 0 15 8 0 0 15 0 0 0 0 0 0 0 0 0 0 0 0 0 8 15 5 15 0 0 0 0 0 0 0 0 0 16 0 58 0 0 0 5 11 0 0 0 0 0 0 0 0 0 0 8 0 0 0 0 5 8 9 0 0 0 0 0 0 0 0 0 83f04b9aebe38cb456cf68f206b0f688_1332_71
0 0 0 0 0 0 0 0 18 0 0 14 0 0 0 0 0 0 6 0 6 0 0 0 6 0 0 0 6 9 0 18 0 0 0 0 0 0 0 0 0 0 0 0 0 0 0 0 0 0 0 0 0 0 18 6 0 0 18 0 0 0 0 0 0 0 0 0 0 0 0 0 9 18 7 18 0 0 0 0 0 0 0 0 0 18 0 68 0 0 0 7 6 0 0 0 0 0 0 0 0 0 0 7 0 0 0 0 6 8 2 0 0 0 0 0 0 0 0 0 83f04b9aebe38cb456cf68f206b0f688_1732_83
0 0 0 0 1 0 0 0 12 0 0 16 0 0 0 2 0 0 12 0 4 0 0 1 7 0 0 0 7 20 0 12 3 0 0 1 0 0 1 1 0 0 0 0 0 0 0 0 0 0 0 0 0 0 12 6 0 0 12 0 0 0 0 0 0 0 0 0 0 1 0 0 19 16 4 12 0 0 0 0 0 0 0 0 1 12 0 52 0 0 0 4 12 0 0 0 0 0 0 0 3 0 0 10 0 0 0 0 4 9 10 0 0 0 0 0 0 0 0 0 83f04b9aebe38cb456cf68f206b0f688_1732_25
0 0 0 0 0 0 0 0 18 0 0 16 0 0 0 0 0 0 10 0 6 0 0 0 10 0 0 0 10 8 0 18 4 0 0 0 0 0 0 0 0 0 0 0 0 0 0 0 0 0 0 0 0 0 17 7 0 0 18 0 0 0 0 0 0 0 0 0 0 0 0 0 9 18 6 18 0 0 0 0 0 0 0 0 0 17 0 48 0 0 0 6 10 0 0 0 0 0 0 0 0 0 0 6 0 0 0 0 6 6 7 0 0 0 0 0 0 0 0 0 83f04b9aebe38cb456cf68f206b0f688_1732_70
0 0 0 0 0 0 0 0 18 0 0 16 0 0 0 0 0 0 9 0 6 0 0 0 8 0 0 0 8 8 0 18 4 0 0 0 0 0 0 0 0 0 0 0 0 0 0 0 0 0 0 0 0 0 17 8 0 0 18 0 0 0 0 0 0 0 0 0 0 0 0 0 8 18 6 18 0 0 0 0 0 0 0 0 0 18 0 46 0 0 0 6 9 0 0 0 0 0 0 0 0 0 0 8 0 0 0 0 6 8 10 0 0 0 0 0 0 0 0 0 83f04b9aebe38cb456cf68f206b0f688_1332_75
0 0 0 0 0 0 0 0 12 0 0 21 0 0 0 0 0 0 12 0 4 0 0 0 12 0 0 0 12 9 0 12 3 0 0 0 0 0 0 0 0 0 0 0 0 0 0 0 0 0 0 0 0 0 12 9 0 0 12 0 0 0 0 0 0 0 0 0 0 0 0 0 9 12 4 12 0 0 0 0 0 0 0 0 0 12 0 75 0 0 0 4 12 0 0 0 0 0 0 0 0 0 0 9 0 0 0 0 4 9 7 0 0 0 0 0 0 0 0 0 83f04b9aebe38cb456cf68f206b0f688_1332_60
0 0 0 0 0 0 0 0 14 0 0 21 0 0 0 0 0 0 12 0 4 0 0 0 12 0 0 0 12 9 0 15 3 0 0 0 0 0 0 0 0 0 0 0 0 0 0 0 0 0 0 0 0 0 12 9 0 0 14 0 0 0 0 0 0 0 0 0 0 0 0 0 9 14 4 12 0 0 0 0 0 0 0 0 0 12 0 60 0 0 0 4 12 0 0 0 0 0 0 0 0 0 0 9 0 0 0 0 5 9 12 0 0 0 0 0 0 0 0 0 83f04b9aebe38cb456cf68f206b0f688_1332_49
0 0 0 0 0 0 0 0 12 0 0 21 0 0 0 0 0 0 9 0 4 0 0 0 9 0 0 0 9 12 0 12 0 0 0 0 0 0 0 0 0 0 0 0 0 0 0 0 0 0 0 0 0 0 12 10 0 0 12 0 0 0 0 0 0 0 0 0 0 0 0 0 11 12 5 12 0 0 0 0 0 0 0 0 0 12 0 79 0 0 0 5 9 0 0 0 0 0 0 0 0 0 0 12 0 0 0 0 4 11 5 0 0 0 0 0 0 0 0 0 83f04b9aebe38cb456cf68f206b0f688_1732_78
0 0 0 0 0 0 0 0 12 0 0 22 0 0 0 0 0 0 13 0 4 0 0 0 13 0 0 0 13 9 0 13 5 0 0 0 0 0 0 0 0 0 0 0 0 0 0 0 0 0 0 0 0 0 12 9 0 0 12 0 0 0 0 0 0 0 0 0 0 0 0 0 9 12 4 12 0 0 0 0 0 0 0 0 0 12 0 60 0 0 0 4 13 0 0 0 0 0 0 0 0 0 0 9 0 0 0 0 5 9 13 0 0 0 0 0 0 0 0 0 83f04b9aebe38cb456cf68f206b0f688_1732_38
0 0 0 0 0 0 0 0 12 0 0 21 0 0 0 0 0 0 12 0 4 0 0 0 12 0 0 0 12 9 0 12 7 0 0 0 0 0 0 0 0 0 0 0 0 0 0 0 0 0 0 0 0 0 12 10 0 0 12 0 0 0 0 0 0 0 0 0 0 0 0 0 10 12 4 12 0 0 0 0 0 0 0 0 0 12 0 62 0 0 0 4 12 0 0 0 0 0 0 0 0 0 0 9 0 0 0 0 4 9 14 0 0 0 0 0 0 0 0 0 83f04b9aebe38cb456cf68f206b0f688_1732_67
0 0 0 0 0 0 0 0 12 0 0 22 0 0 0 0 0 0 11 0 4 0 0 0 11 0 0 0 12 10 0 12 3 0 0 0 0 0 0 0 0 0 0 0 0 0 0 0 0 0 0 0 0 0 12 10 0 0 12 0 0 0 0 0 0 0 0 0 0 0 0 0 11 12 4 12 0 0 0 0 0 0 0 0 0 12 0 65 0 0 0 4 11 0 0 0 0 0 0 0 0 0 0 10 0 0 0 0 4 10 13 0 0 0 0 0 0 0 0 0 83f04b9aebe38cb456cf68f206b0f688_1332_74
0 0 0 0 0 0 0 0 12 0 0 19 0 0 0 0 0 0 8 0 4 0 0 0 8 0 0 0 8 11 0 12 1 0 0 0 0 0 0 0 0 0 0 0 0 0 0 0 0 0 0 0 0 0 15 10 0 0 12 0 0 0 0 0 0 0 0 0 0 0 0 0 10 12 5 14 0 0 0 0 0 0 0 0 0 14 0 75 0 0 0 5 8 0 0 0 0 0 0 0 0 0 0 11 0 0 0 0 4 11 10 0 0 0 0 0 0 0 0 0 83f04b9aebe38cb456cf68f206b0f688_1732_52
0 0 0 0 0 0 0 0 12 0 0 20 0 0 0 0 0 0 9 0 4 0 0 0 9 0 0 0 9 11 0 12 1 0 0 0 0 0 0 0 0 0 0 0 0 0 0 0 0 0 0 0 0 0 12 10 0 0 12 0 0 0 0 0 0 0 0 0 0 0 0 0 10 12 4 12 0 0 0 0 0 0 0 0 0 12 0 78 0 0 0 4 9 0 0 0 0 0 0 0 0 0 0 11 0 0 0 0 3 11 12 0 0 0 0 0 0 0 0 0 83f04b9aebe38cb456cf68f206b0f688_1732_49
0 0 0 0 0 0 0 0 12 0 0 20 0 0 0 0 0 0 9 0 4 0 0 0 9 0 0 0 9 11 0 12 3 0 0 0 0 0 0 0 0 0 0 0 0 0 0 0 0 0 0 0 0 0 12 12 0 0 12 0 0 0 0 0 0 0 0 0 0 0 0 0 11 12 4 12 0 0 0 0 0 0 0 0 0 12 0 72 0 0 0 4 9 0 0 0 0 0 0 0 0 0 0 11 0 0 0 0 4 11 12 0 0 0 0 0 0 0 0 0 83f04b9aebe38cb456cf68f206b0f688_1732_62
0 0 0 0 0 0 0 0 15 0 0 19 0 0 0 0 0 0 11 0 5 0 0 0 11 0 0 0 11 8 0 16 5 0 0 0 0 0 0 0 0 0 0 0 0 0 0 0 0 0 0 0 0 0 15 9 0 0 15 0 0 0 0 0 0 0 0 0 0 0 0 0 9 15 5 15 0 0 0 0 0 0 0 0 0 15 0 51 0 0 0 5 11 0 0 0 0 0 0 0 0 0 0 8 0 0 0 0 6 8 11 0 0 0 0 0 0 0 0 0 83f04b9aebe38cb456cf68f206b0f688_1732_60
0 0 0 0 0 0 0 0 12 0 0 22 0 0 0 0 0 0 13 0 4 0 0 0 13 0 0 0 13 9 0 12 6 0 0 0 0 0 0 0 0 0 0 0 0 0 0 0 0 0 0 0 0 0 12 10 0 0 12 0 0 0 0 0 0 0 0 0 0 0 0 0 10 12 4 12 0 0 0 0 0 0 0 0 0 12 0 57 0 0 0 4 13 0 0 0 0 0 0 0 0 0 0 9 0 0 0 0 4 9 15 0 0 0 0 0 0 0 0 0 83f04b9aebe38cb456cf68f206b0f688_1332_80
0 0 0 0 0 0 0 0 16 0 0 16 0 0 0 0 0 0 7 0 6 0 0 0 7 0 0 0 7 9 0 15 2 0 0 0 0 0 0 0 0 0 0 0 0 0 0 0 0 0 0 0 0 0 17 8 0 0 16 0 0 0 0 0 0 0 0 0 0 0 0 0 9 16 7 17 0 0 0 0 0 0 0 0 0 17 0 62 0 0 0 7 7 0 0 0 0 0 0 0 0 0 0 9 0 0 0 0 5 9 8 0 0 0 0 0 0 0 0 0 83f04b9aebe38cb456cf68f206b0f688_1332_70
0 0 0 0 0 0 0 0 15 0 0 20 0 0 0 0 0 0 11 0 5 0 0 0 11 0 0 0 11 10 0 15 3 0 0 0 0 0 0 0 0 0 0 0 0 0 0 0 0 0 0 0 0 0 12 9 0 0 15 0 0 0 0 0 0 0 0 0 0 0 0 0 10 15 5 12 0 0 0 0 0 0 0 0 0 12 0 60 0 0 0 5 11 0 0 0 0 0 0 0 0 0 0 9 0 0 0 0 5 8 10 0 0 0 0 0 0 0 0 0 83f04b9aebe38cb456cf68f206b0f688_1332_27
0 0 0 0 0 0 0 0 15 0 0 17 0 0 0 0 0 0 7 0 5 0 0 0 8 0 0 0 8 10 0 15 0 0 0 0 0 0 0 0 0 0 0 0 0 0 0 0 0 0 0 0 0 0 15 9 0 0 15 0 0 0 0 0 0 0 0 0 0 0 0 0 11 15 6 15 0 0 0 0 0 0 0 0 0 15 0 69 0 0 0 6 7 0 0 0 0 0 0 0 0 0 0 9 0 0 0 0 5 9 8 0 0 0 0 0 0 0 0 0 83f04b9aebe38cb456cf68f206b0f688_1732_41
0 0 0 0 0 0 0 0 13 0 0 18 0 0 0 0 0 0 9 0 5 0 0 0 9 0 0 0 9 12 0 13 4 0 0 0 0 0 0 0 0 0 0 0 0 0 0 0 0 0 0 0 0 0 15 9 0 0 13 0 0 0 0 0 0 0 0 0 0 0 0 0 12 13 5 15 0 0 0 0 0 0 0 0 0 15 0 62 0 0 0 5 9 0 0 0 0 0 0 0 0 0 0 9 0 0 0 0 4 10 11 0 0 0 0 0 0 0 0 0 83f04b9aebe38cb456cf68f206b0f688_1732_58
0 0 0 0 0 0 0 0 12 0 0 22 0 0 0 0 0 0 12 0 4 0 0 0 12 0 0 0 13 9 0 12 5 0 0 0 0 0 0 0 0 0 0 0 0 0 0 0 0 0 0 0 0 0 12 10 0 0 12 0 0 0 0 0 0 0 0 0 0 0 0 0 10 12 4 12 0 0 0 0 0 0 0 0 0 12 0 61 0 0 0 4 12 0 0 0 0 0 0 0 0 0 0 9 0 0 0 0 4 9 15 0 0 0 0 0 0 0 0 0 83f04b9aebe38cb456cf68f206b0f688_1332_38
0 0 0 0 0 0 0 0 15 0 0 18 0 0 0 0 0 0 8 0 5 0 0 0 8 0 0 0 8 10 0 15 4 0 0 0 0 0 0 0 0 0 0 0 0 0 0 0 0 0 0 0 0 0 16 9 0 0 15 0 0 0 0 0 0 0 0 0 0 0 0 0 9 15 5 15 0 0 0 0 0 0 0 0 0 15 0 61 0 0 0 5 8 0 0 0 0 0 0 0 0 0 0 10 0 0 0 0 5 10 10 0 0 0 0 0 0 0 0 0 83f04b9aebe38cb456cf68f206b0f688_1332_79
0 0 0 0 0 0 0 0 12 0 0 21 0 0 0 0 0 0 12 0 4 0 0 0 12 0 0 0 12 9 0 12 7 0 0 0 0 0 0 0 0 0 0 0 0 0 0 0 0 0 0 0 0 0 12 10 0 0 12 0 0 0 0 0 0 0 0 0 0 0 0 0 10 12 4 12 0 0 0 0 0 0 0 0 0 12 0 61 0 0 0 4 12 0 0 0 0 0 0 0 0 0 0 9 0 0 0 0 4 9 15 0 0 0 0 0 0 0 0 0 83f04b9aebe38cb456cf68f206b0f688_1332_63
