0 0 0 11 0 0 0 0 0 0 0 0 0 0 0 0 0 0 41 0 0 0 0 0 0 0 0 0 0 8 0 0 0 0 0 0 0 0 0 0 0 0 0 0 0 0 0 11 0 0 0 0 0 0 0 0 0 0 0 0 11 0 0 0 0 0 0 0 0 0 0 0 7 8 19 0 0 0 15 11 0 0 0 0 0 0 0 0 0 0 0 19 41 0 0 0 0 0 11 11 0 0 0 0 0 0 0 0 0 0 0 0 11 18 0 0 19 8 8 11 90ff8f17742e35022a36473867119d85_1608_352
0 0 0 11 0 0 0 0 0 0 0 0 0 0 0 0 0 0 41 0 0 0 0 0 0 0 0 0 0 8 0 0 0 0 0 0 0 0 0 0 0 0 0 0 0 0 0 11 0 0 0 0 0 0 0 0 0 0 0 0 11 0 0 0 0 0 0 0 0 0 0 0 8 8 19 0 0 0 12 11 0 0 0 0 0 0 0 0 0 0 0 19 41 0 0 0 0 0 11 11 0 0 0 0 0 0 0 0 0 0 0 0 11 20 0 0 20 8 8 10 90ff8f17742e35022a36473867119d85_1608_4809
0 0 0 12 0 0 0 0 0 0 0 0 0 0 0 0 0 0 40 0 0 0 0 0 0 0 0 0 0 9 0 0 0 0 0 0 0 0 0 0 0 0 0 0 0 0 0 11 0 0 0 0 0 0 0 0 0 0 0 0 11 0 0 0 0 0 0 0 0 0 0 0 9 9 18 0 0 0 11 11 0 0 0 0 0 0 0 0 0 0 0 18 40 0 0 0 0 0 11 11 0 0 0 0 0 0 0 0 0 0 0 0 11 19 0 0 19 9 9 11 90ff8f17742e35022a36473867119d85_1608_2531
0 0 0 12 0 0 0 0 0 0 0 0 0 0 0 0 0 0 41 0 0 0 0 0 0 0 0 0 0 9 0 0 0 0 0 0 0 0 0 0 0 0 0 0 0 0 0 11 0 0 0 0 0 0 0 0 0 0 0 0 11 0 0 0 0 0 0 0 0 0 0 0 9 9 17 0 0 0 11 11 0 0 0 0 0 0 0 0 0 0 0 17 41 0 0 0 0 0 12 12 0 0 0 0 0 0 0 0 0 0 0 0 11 18 0 0 18 9 9 11 90ff8f17742e35022a36473867119d85_1608_4746
0 0 0 11 0 0 0 0 0 0 0 0 0 0 0 0 0 0 40 0 0 0 0 0 0 0 0 0 0 8 0 0 0 0 0 0 0 0 0 0 0 0 0 0 0 0 0 11 0 0 0 0 0 0 0 0 0 0 0 0 11 0 0 0 0 0 0 0 0 0 0 0 8 8 19 0 0 0 16 10 0 0 0 0 0 0 0 0 0 0 0 19 40 0 0 0 0 0 12 11 0 0 0 0 0 0 0 0 0 0 0 0 11 19 0 0 19 8 8 10 90ff8f17742e35022a36473867119d85_1608_5623
0 0 0 11 0 0 0 0 0 0 0 0 0 0 0 0 0 0 40 0 0 0 0 0 0 0 0 0 0 8 0 0 0 0 0 0 0 0 0 0 0 0 0 0 0 0 0 11 0 0 0 0 0 0 0 0 0 0 0 0 11 0 0 0 0 0 0 0 0 0 0 0 8 8 19 0 0 0 16 11 0 0 0 0 0 0 0 0 0 0 0 19 40 0 0 0 0 0 11 11 0 0 0 0 0 0 0 0 0 0 0 0 11 19 0 0 19 8 8 10 90ff8f17742e35022a36473867119d85_1608_3032
0 0 0 10 0 0 0 0 0 0 0 0 0 0 0 1 0 0 41 0 0 0 0 0 0 0 0 0 0 8 0 0 0 0 0 0 0 0 0 0 0 0 0 0 0 0 0 10 0 0 0 0 0 0 0 0 0 0 0 0 10 0 0 0 0 0 0 0 0 0 0 0 8 8 20 0 0 0 16 10 0 0 0 0 0 0 0 0 0 0 0 20 41 0 0 0 0 0 10 10 0 0 0 0 0 0 0 0 0 0 0 0 10 20 0 0 20 8 8 10 90ff8f17742e35022a36473867119d85_1608_5571
0 0 0 11 0 0 0 0 0 0 0 0 0 0 0 1 0 0 42 0 0 0 0 0 0 0 0 0 0 7 0 0 0 0 0 0 0 0 0 0 0 0 0 0 0 0 0 11 0 0 0 0 0 0 0 0 0 0 0 0 11 0 0 0 0 0 0 0 0 0 0 0 7 7 19 0 0 0 14 11 0 0 0 0 0 0 0 0 0 0 0 19 42 0 0 0 0 0 11 11 0 0 0 0 0 0 0 0 0 0 0 0 11 19 0 0 20 7 7 11 90ff8f17742e35022a36473867119d85_1608_859
0 0 0 11 0 0 0 0 0 0 0 0 0 0 0 0 0 0 42 0 0 0 0 0 0 0 0 0 0 7 0 0 0 0 0 0 0 0 0 0 0 0 0 0 0 0 0 11 0 0 0 0 0 0 0 0 0 0 0 0 11 0 0 0 0 0 0 0 0 0 0 0 7 7 20 0 0 0 15 12 0 0 0 0 0 0 0 0 0 0 0 19 41 0 0 0 0 0 11 11 0 0 0 0 0 0 0 0 0 0 0 0 11 19 0 0 19 7 7 11 90ff8f17742e35022a36473867119d85_1608_5179
0 0 0 11 0 0 0 0 0 0 0 0 0 0 0 0 0 0 42 0 0 0 0 0 0 0 0 0 0 7 0 0 0 0 0 0 0 0 0 0 0 0 0 0 0 0 0 11 0 0 0 0 0 0 0 0 0 0 0 0 11 0 0 0 0 0 0 0 0 0 0 0 7 7 20 0 0 0 15 11 0 0 0 0 0 0 0 0 0 0 0 19 42 0 0 0 0 0 11 11 0 0 0 0 0 0 0 0 0 0 0 0 11 19 0 0 19 7 7 11 90ff8f17742e35022a36473867119d85_1608_4479
0 0 0 11 0 0 0 0 0 0 0 0 0 0 0 0 0 0 40 0 0 0 0 0 0 0 0 0 0 8 0 0 0 0 0 0 0 0 0 0 0 0 0 0 0 0 0 11 0 0 0 0 0 0 0 0 0 0 0 0 11 0 0 0 0 0 0 0 0 0 0 0 8 8 20 0 0 0 13 9 0 0 0 0 0 0 0 0 0 0 0 20 41 0 0 0 0 0 11 11 0 0 0 0 0 0 0 0 0 0 0 0 11 20 0 0 20 8 8 10 90ff8f17742e35022a36473867119d85_1608_1173
0 0 0 12 0 0 0 0 0 0 0 0 0 0 0 0 0 0 40 0 0 0 0 0 0 0 0 0 0 9 0 0 0 0 0 0 0 0 0 0 0 0 0 0 0 0 0 12 0 0 0 0 0 0 0 0 0 0 0 0 12 0 0 0 0 0 0 0 0 0 0 0 9 9 17 0 0 0 11 11 0 0 0 0 0 0 0 0 0 0 0 17 40 0 0 0 0 0 12 12 0 0 0 0 0 0 0 0 0 0 0 0 11 18 0 0 18 9 9 11 90ff8f17742e35022a36473867119d85_1608_3534
0 0 0 11 0 0 0 0 0 0 0 0 0 0 0 0 0 0 42 0 0 0 0 0 0 0 0 0 0 7 0 0 0 0 0 0 0 0 0 0 0 0 0 0 0 0 0 11 0 0 0 0 0 0 0 0 0 0 0 0 11 0 0 0 0 0 0 0 0 0 0 0 7 7 20 0 0 0 14 12 0 0 0 0 0 0 0 0 0 0 0 20 41 0 0 0 0 0 11 11 0 0 0 0 0 0 0 0 0 0 0 0 11 19 0 0 19 7 7 11 90ff8f17742e35022a36473867119d85_1608_1209
0 0 0 11 0 0 0 0 0 0 0 0 0 0 0 0 0 0 39 0 0 0 0 0 0 0 0 0 0 9 0 0 0 0 0 0 0 0 0 0 0 0 0 0 0 0 0 11 0 0 0 0 0 0 0 0 0 0 0 0 11 0 0 0 0 0 0 0 0 0 0 0 9 8 19 0 0 0 16 10 0 0 0 0 0 0 0 0 0 0 0 19 40 0 0 0 0 0 11 11 0 0 0 0 0 0 0 0 0 0 0 0 11 19 0 0 19 8 8 10 90ff8f17742e35022a36473867119d85_1608_937
0 0 0 11 0 0 0 0 0 0 0 0 0 0 0 0 0 0 41 0 0 0 0 0 0 0 0 0 0 8 0 0 0 0 0 0 0 0 0 0 0 0 0 0 0 0 0 10 0 0 0 0 0 0 0 0 0 0 0 0 10 0 0 0 0 0 0 0 0 0 0 0 8 8 19 0 0 0 15 11 0 0 0 0 0 0 0 0 0 0 0 19 41 0 0 0 0 0 11 11 0 0 0 0 0 0 0 0 0 0 0 0 11 19 0 0 19 8 8 11 90ff8f17742e35022a36473867119d85_1608_1214
0 0 0 12 0 0 0 0 0 0 0 0 0 0 0 0 0 0 41 0 0 0 0 0 0 0 0 0 0 9 0 0 0 0 0 0 0 0 0 0 0 0 0 0 0 0 0 11 0 0 0 0 0 0 0 0 0 0 0 0 11 0 0 0 0 0 0 0 0 0 0 0 9 9 18 0 0 0 11 11 0 0 0 0 0 0 0 0 0 0 0 17 41 0 0 0 0 0 12 11 0 0 0 0 0 0 0 0 0 0 0 0 11 18 0 0 18 9 9 11 90ff8f17742e35022a36473867119d85_1608_2578
0 0 0 10 0 0 0 0 0 0 0 0 0 0 0 1 0 0 39 0 0 0 0 0 0 0 0 0 0 9 0 0 0 0 0 0 0 0 0 0 0 0 0 0 0 0 0 11 0 0 0 0 0 0 0 0 0 0 0 0 11 0 0 0 0 0 0 0 0 0 0 0 9 9 19 0 0 0 16 10 0 0 0 0 0 0 0 0 0 0 0 19 40 0 0 0 0 0 11 11 0 0 0 0 0 0 0 0 0 0 0 0 11 19 0 0 19 8 8 9 90ff8f17742e35022a36473867119d85_1608_3502
0 0 0 11 0 0 0 0 0 0 0 0 0 0 0 0 0 0 42 0 0 0 0 0 0 0 0 0 0 7 0 0 0 0 0 0 0 0 0 0 0 0 0 0 0 0 0 11 0 0 0 0 0 0 0 0 0 0 0 0 11 0 0 0 0 0 0 0 0 0 0 0 7 7 19 0 0 0 14 11 0 0 0 0 0 0 0 0 0 0 0 19 42 0 0 0 0 0 11 11 0 0 0 0 0 0 0 0 0 0 0 0 11 20 0 0 20 7 7 11 90ff8f17742e35022a36473867119d85_1608_1162
0 0 0 12 0 0 0 0 0 0 0 0 0 0 0 1 0 0 40 0 0 0 0 0 0 0 0 0 0 9 0 0 0 0 0 0 0 0 0 0 0 0 0 0 0 0 0 12 0 0 0 0 0 0 0 0 0 0 0 0 12 0 0 0 0 0 0 0 0 0 0 0 9 9 17 0 0 0 11 9 0 0 0 0 0 0 0 0 0 0 0 18 41 0 0 0 0 0 12 12 0 0 0 0 0 0 0 0 0 0 0 0 12 17 0 0 17 9 9 11 90ff8f17742e35022a36473867119d85_1608_4187
0 0 0 12 0 0 0 0 0 0 0 0 0 0 0 0 0 0 40 0 0 0 0 0 0 0 0 0 0 9 0 0 0 0 0 0 0 0 0 0 0 0 0 0 0 0 0 12 0 0 0 0 0 0 0 0 0 0 0 0 12 0 0 0 0 0 0 0 0 0 0 0 9 9 17 0 0 0 11 11 0 0 0 0 0 0 0 0 0 0 0 18 40 0 0 0 0 0 12 12 0 0 0 0 0 0 0 0 0 0 0 0 12 17 0 0 17 9 9 11 90ff8f17742e35022a36473867119d85_1608_1016
0 0 0 11 0 0 0 0 0 0 0 0 0 0 0 0 0 0 39 0 0 0 0 0 0 0 0 0 0 9 0 0 0 0 0 0 0 0 0 0 0 0 0 0 0 0 0 11 0 0 0 0 0 0 0 0 0 0 0 0 11 0 0 0 0 0 0 0 0 0 0 0 9 9 19 0 0 0 16 10 0 0 0 0 0 0 0 0 0 0 0 19 39 0 0 0 0 0 11 11 0 0 0 0 0 0 0 0 0 0 0 0 11 19 0 0 19 8 8 10 90ff8f17742e35022a36473867119d85_1608_2546
0 0 0 10 0 0 0 0 0 0 0 0 0 0 0 0 0 0 41 0 0 0 0 0 0 0 0 0 0 8 0 0 0 0 0 0 0 0 0 0 0 0 0 0 0 0 0 11 0 0 0 0 0 0 0 0 0 0 0 0 11 0 0 0 0 0 0 0 0 0 0 0 8 8 19 0 0 0 15 11 0 0 0 0 0 0 0 0 0 0 0 19 41 0 0 0 0 0 11 11 0 0 0 0 0 0 0 0 0 0 0 0 11 19 0 0 19 8 8 10 90ff8f17742e35022a36473867119d85_1608_5247
0 0 0 11 0 0 0 0 0 0 0 0 0 0 0 0 0 0 41 0 0 0 0 0 0 0 0 0 0 8 0 0 0 0 0 0 0 0 0 0 0 0 0 0 0 0 0 11 0 0 0 0 0 0 0 0 0 0 0 0 11 0 0 0 0 0 0 0 0 0 0 0 7 8 19 0 0 0 15 11 0 0 0 0 0 0 0 0 0 0 0 19 41 0 0 0 0 0 11 11 0 0 0 0 0 0 0 0 0 0 0 0 11 18 0 0 19 8 8 11 90ff8f17742e35022a36473867119d85_1608_1914
0 0 0 11 0 0 0 0 0 0 0 0 0 0 0 0 0 0 39 0 0 0 0 0 0 0 0 0 0 9 0 0 0 0 0 0 0 0 0 0 0 0 0 0 0 0 0 12 0 0 0 0 0 0 0 0 0 0 0 0 12 0 0 0 0 0 0 0 0 0 0 0 9 9 19 0 0 0 12 9 0 0 0 0 0 0 0 0 0 0 0 19 39 0 0 0 0 0 12 12 0 0 0 0 0 0 0 0 0 0 0 0 12 18 0 0 18 9 9 10 90ff8f17742e35022a36473867119d85_1608_2369
0 0 0 12 0 0 0 0 0 0 0 0 0 0 0 0 0 0 40 0 0 0 0 0 0 0 0 0 0 9 0 0 0 0 0 0 0 0 0 0 0 0 0 0 0 0 0 12 0 0 0 0 0 0 0 0 0 0 0 0 12 0 0 0 0 0 0 0 0 0 0 0 9 9 17 0 0 0 11 11 0 0 0 0 0 0 0 0 0 0 0 17 40 0 0 0 0 0 12 12 0 0 0 0 0 0 0 0 0 0 0 0 11 18 0 0 18 9 9 11 90ff8f17742e35022a36473867119d85_1608_5096
0 0 0 11 0 0 0 0 0 0 0 0 0 0 0 0 0 0 41 0 0 0 0 0 0 0 0 0 0 9 0 0 0 0 0 0 0 0 0 0 0 0 0 0 0 0 0 10 0 0 0 0 0 0 0 0 0 0 0 0 10 0 0 0 0 0 0 0 0 0 0 0 9 9 19 0 0 0 14 11 0 0 0 0 0 0 0 0 0 0 0 19 40 0 0 0 0 0 10 10 0 0 0 0 0 0 0 0 0 0 0 0 10 19 0 0 19 9 9 11 90ff8f17742e35022a36473867119d85_1608_2886
0 0 0 11 0 0 0 0 0 0 0 0 0 0 0 0 0 0 39 0 0 0 0 0 0 0 0 0 0 9 0 0 0 0 0 0 0 0 0 0 0 0 0 0 0 0 0 12 0 0 0 0 0 0 0 0 0 0 0 0 12 0 0 0 0 0 0 0 0 0 0 0 9 9 18 0 0 0 12 9 0 0 0 0 0 0 0 0 0 0 0 19 40 0 0 0 0 0 12 12 0 0 0 0 0 0 0 0 0 0 0 0 12 18 0 0 18 9 9 10 90ff8f17742e35022a36473867119d85_1608_457
0 0 0 11 0 0 0 0 0 0 0 0 0 0 0 0 0 0 41 0 0 0 0 0 0 0 0 0 0 8 0 0 0 0 0 0 0 0 0 0 0 0 0 0 0 0 0 11 0 0 0 0 0 0 0 0 0 0 0 0 10 0 0 0 0 0 0 0 0 0 0 0 8 8 19 0 0 0 14 11 0 0 0 0 0 0 0 0 0 0 0 19 41 0 0 0 0 0 11 11 0 0 0 0 0 0 0 0 0 0 0 0 10 19 0 0 19 8 9 11 90ff8f17742e35022a36473867119d85_1608_3236
0 0 0 11 0 0 0 0 0 0 0 0 0 0 0 1 0 0 42 0 0 0 0 0 0 0 0 0 0 7 0 0 0 0 0 0 0 0 0 0 0 0 0 0 0 0 0 11 0 0 0 0 0 0 0 0 0 0 0 0 11 0 0 0 0 0 0 0 0 0 0 0 7 7 20 0 0 0 14 10 0 0 0 0 0 0 0 0 0 0 0 20 42 0 0 0 0 0 11 11 0 0 0 0 0 0 0 0 0 0 0 0 11 19 0 0 19 7 7 11 90ff8f17742e35022a36473867119d85_1608_5639
0 0 0 11 0 0 0 0 0 0 0 0 0 0 0 0 0 0 40 0 0 0 0 0 0 0 0 0 0 8 0 0 0 0 0 0 0 0 0 0 0 0 0 0 0 0 0 11 0 0 0 0 0 0 0 0 0 0 0 0 12 0 0 0 0 0 0 0 0 0 0 0 8 8 19 0 0 0 16 10 0 0 0 0 0 0 0 0 0 0 0 19 40 0 0 0 0 0 11 11 0 0 0 0 0 0 0 0 0 0 0 0 11 19 0 0 19 8 8 10 90ff8f17742e35022a36473867119d85_1608_4061
0 0 0 11 0 0 0 0 0 0 0 0 0 0 0 0 0 0 41 0 0 0 0 0 0 0 0 0 0 7 0 0 0 0 0 0 0 0 0 0 0 0 0 0 0 0 0 11 0 0 0 0 0 0 0 0 0 0 0 0 11 0 0 0 0 0 0 0 0 0 0 0 8 7 19 0 0 0 16 12 0 0 0 0 0 0 0 0 0 0 0 19 41 0 0 0 0 0 11 11 0 0 0 0 0 0 0 0 0 0 0 0 11 19 0 0 19 7 7 11 90ff8f17742e35022a36473867119d85_1608_4270
0 0 0 11 0 0 0 0 0 0 0 0 0 0 0 0 0 0 42 0 0 0 0 0 0 0 0 0 0 7 0 0 0 0 0 0 0 0 0 0 0 0 0 0 0 0 0 11 0 0 0 0 0 0 0 0 0 0 0 0 11 0 0 0 0 0 0 0 0 0 0 0 7 7 20 0 0 0 13 11 0 0 0 0 0 0 0 0 0 0 0 20 42 0 0 0 0 0 11 11 0 0 0 0 0 0 0 0 0 0 0 0 11 19 0 0 20 7 7 11 90ff8f17742e35022a36473867119d85_1608_4542
0 0 0 11 0 0 0 0 0 0 0 0 0 0 0 0 0 0 40 0 0 0 0 0 0 0 0 0 0 9 0 0 0 0 0 0 0 0 0 0 0 0 0 0 0 0 0 11 0 0 0 0 0 0 0 0 0 0 0 0 11 0 0 0 0 0 0 0 0 0 0 0 9 9 18 0 0 0 14 11 0 0 0 0 0 0 0 0 0 0 0 18 40 0 0 0 0 0 11 11 0 0 0 0 0 0 0 0 0 0 0 0 11 18 0 0 18 9 9 11 90ff8f17742e35022a36473867119d85_1608_5487
0 0 0 11 0 0 0 0 0 0 0 0 0 0 0 0 0 0 41 0 0 0 0 0 0 0 0 0 0 9 0 0 0 0 0 0 0 0 0 0 0 0 0 0 0 0 0 10 0 0 0 0 0 0 0 0 0 0 0 0 10 0 0 0 0 0 0 0 0 0 0 0 9 9 19 0 0 0 14 11 0 0 0 0 0 0 0 0 0 0 0 19 40 0 0 0 0 0 10 10 0 0 0 0 0 0 0 0 0 0 0 0 10 19 0 0 19 9 9 11 90ff8f17742e35022a36473867119d85_1608_1324
0 0 0 12 0 0 0 0 0 0 0 0 0 0 0 0 0 0 41 0 0 0 0 0 0 0 0 0 0 9 0 0 0 0 0 0 0 0 0 0 0 0 0 0 0 0 0 12 0 0 0 0 0 0 0 0 0 0 0 0 12 0 0 0 0 0 0 0 0 0 0 0 9 9 18 0 0 0 11 9 0 0 0 0 0 0 0 0 0 0 0 18 40 0 0 0 0 0 12 12 0 0 0 0 0 0 0 0 0 0 0 0 12 17 0 0 17 9 9 11 90ff8f17742e35022a36473867119d85_1608_1366
0 0 0 11 0 0 0 0 0 0 0 0 0 0 0 0 0 0 41 0 0 0 0 0 0 0 0 0 0 8 0 0 0 0 0 0 0 0 0 0 0 0 0 0 0 0 0 10 0 0 0 0 0 0 0 0 0 0 0 0 10 0 0 0 0 0 0 0 0 0 0 0 8 8 20 0 0 0 13 11 0 0 0 0 0 0 0 0 0 0 0 20 41 0 0 0 0 0 11 10 0 0 0 0 0 0 0 0 0 0 0 0 10 20 0 0 20 8 9 10 90ff8f17742e35022a36473867119d85_1608_5112
0 0 0 11 0 0 0 0 0 0 0 0 0 0 0 0 0 0 40 0 0 0 0 0 0 0 0 0 0 9 0 0 0 0 0 0 0 0 0 0 0 0 0 0 0 0 0 11 0 0 0 0 0 0 0 0 0 0 0 0 11 0 0 0 0 0 0 0 0 0 0 0 9 9 19 0 0 0 12 11 0 0 0 0 0 0 0 0 0 0 0 19 40 0 0 0 0 0 11 11 0 0 0 0 0 0 0 0 0 0 0 0 10 19 0 0 19 9 9 10 90ff8f17742e35022a36473867119d85_1608_1225
0 0 0 11 0 0 0 0 0 0 0 0 0 0 0 0 0 0 41 0 0 0 0 0 0 0 0 0 0 8 0 0 0 0 0 0 0 0 0 0 0 0 0 0 0 0 0 10 0 0 0 0 0 0 0 0 0 0 0 0 10 0 0 0 0 0 0 0 0 0 0 0 8 8 20 0 0 0 13 11 0 0 0 0 0 0 0 0 0 0 0 20 41 0 0 0 0 0 11 10 0 0 0 0 0 0 0 0 0 0 0 0 10 20 0 0 20 8 9 10 90ff8f17742e35022a36473867119d85_1608_2594
0 0 0 10 0 0 0 0 0 0 0 0 0 0 0 1 0 0 42 0 0 0 0 0 0 0 0 0 0 8 0 0 0 0 0 0 0 0 0 0 0 0 0 0 0 0 0 10 0 0 0 0 0 0 0 0 0 0 0 0 10 0 0 0 0 0 0 0 0 0 0 0 8 8 20 0 0 0 12 14 0 0 0 0 0 0 0 0 0 0 0 19 42 0 0 0 0 0 10 10 0 0 0 0 0 0 0 0 0 0 0 0 10 19 0 0 19 8 8 11 90ff8f17742e35022a36473867119d85_1608_5168
0 0 0 11 0 0 0 0 0 0 0 0 0 0 0 0 0 0 40 0 0 0 0 0 0 0 0 0 0 9 0 0 0 0 0 0 0 0 0 0 0 0 0 0 0 0 0 11 0 0 0 0 0 0 0 0 0 0 0 0 10 0 0 0 0 0 0 0 0 0 0 0 9 9 19 0 0 0 12 11 0 0 0 0 0 0 0 0 0 0 0 19 40 0 0 0 0 0 11 11 0 0 0 0 0 0 0 0 0 0 0 0 10 19 0 0 19 9 10 10 90ff8f17742e35022a36473867119d85_1608_269
0 0 0 11 0 0 0 0 0 0 0 0 0 0 0 1 0 0 41 0 0 0 0 0 0 0 0 0 0 8 0 0 0 0 0 0 0 0 0 0 0 0 0 0 0 0 0 11 0 0 0 0 0 0 0 0 0 0 0 0 10 0 0 0 0 0 0 0 0 0 0 0 8 8 19 0 0 0 12 11 0 0 0 0 0 0 0 0 0 0 0 19 42 0 0 0 0 0 11 11 0 0 0 0 0 0 0 0 0 0 0 0 10 20 0 0 20 8 8 10 90ff8f17742e35022a36473867119d85_1608_1685
0 0 0 10 0 0 0 0 0 0 0 0 0 0 0 0 0 0 41 0 0 0 0 0 0 0 0 0 0 8 0 0 0 0 0 0 0 0 0 0 0 0 0 0 0 0 0 10 0 0 0 0 0 0 0 0 0 0 0 0 10 0 0 0 0 0 0 0 0 0 0 0 8 8 20 0 0 0 15 10 0 0 0 0 0 0 0 0 0 0 0 20 41 0 0 0 0 0 10 10 0 0 0 0 0 0 0 0 0 0 0 0 11 20 0 0 20 8 8 11 90ff8f17742e35022a36473867119d85_1608_2912
0 0 0 11 0 0 0 0 0 0 0 0 0 0 0 0 0 0 40 0 0 0 0 0 0 0 0 0 0 8 0 0 0 0 0 0 0 0 0 0 0 0 0 0 0 0 0 11 0 0 0 0 0 0 0 0 0 0 0 0 11 0 0 0 0 0 0 0 0 0 0 0 8 8 19 0 0 0 16 10 0 0 0 0 0 0 0 0 0 0 0 19 41 0 0 0 0 0 11 11 0 0 0 0 0 0 0 0 0 0 0 0 11 19 0 0 19 8 7 11 90ff8f17742e35022a36473867119d85_1608_1799
0 0 0 11 0 0 0 0 0 0 0 0 0 0 0 0 0 0 40 0 0 0 0 0 0 0 0 0 0 8 0 0 0 0 0 0 0 0 0 0 0 0 0 0 0 0 0 10 0 0 0 0 0 0 0 0 0 0 0 0 10 0 0 0 0 0 0 0 0 0 0 0 8 8 19 0 0 0 16 11 0 0 0 0 0 0 0 0 0 0 0 19 41 0 0 0 0 0 11 11 0 0 0 0 0 0 0 0 0 0 0 0 10 20 0 0 20 8 8 10 90ff8f17742e35022a36473867119d85_1608_1423
0 0 0 11 0 0 0 0 0 0 0 0 0 0 0 0 0 0 42 0 0 0 0 0 0 0 0 0 0 7 0 0 0 0 0 0 0 0 0 0 0 0 0 0 0 0 0 11 0 0 0 0 0 0 0 0 0 0 0 0 11 0 0 0 0 0 0 0 0 0 0 0 7 7 20 0 0 0 14 11 0 0 0 0 0 0 0 0 0 0 0 20 42 0 0 0 0 0 11 11 0 0 0 0 0 0 0 0 0 0 0 0 11 19 0 0 19 7 7 11 90ff8f17742e35022a36473867119d85_1608_5242
0 0 0 10 0 0 0 0 0 0 0 0 0 0 0 1 0 0 42 0 0 0 0 0 0 0 0 0 0 8 0 0 0 0 0 0 0 0 0 0 0 0 0 0 0 0 0 10 0 0 0 0 0 0 0 0 0 0 0 0 10 0 0 0 0 0 0 0 0 0 0 0 8 8 20 0 0 0 11 14 0 0 0 0 0 0 0 0 0 0 0 20 42 0 0 0 0 0 10 10 0 0 0 0 0 0 0 0 0 0 0 0 10 19 0 0 19 8 8 11 90ff8f17742e35022a36473867119d85_1608_5727
0 0 0 11 0 0 0 0 0 0 0 0 0 0 0 0 0 0 42 0 0 0 0 0 0 0 0 0 0 7 0 0 0 0 0 0 0 0 0 0 0 0 0 0 0 0 0 11 0 0 0 0 0 0 0 0 0 0 0 0 11 0 0 0 0 0 0 0 0 0 0 0 7 7 20 0 0 0 14 11 0 0 0 0 0 0 0 0 0 0 0 20 41 0 0 0 0 0 11 11 0 0 0 0 0 0 0 0 0 0 0 0 11 20 0 0 19 7 7 11 90ff8f17742e35022a36473867119d85_1608_4286
0 0 0 11 0 0 0 0 0 0 0 0 0 0 0 0 0 0 41 0 0 0 0 0 0 0 0 0 0 8 0 0 0 0 0 0 0 0 0 0 0 0 0 0 0 0 0 11 0 0 0 0 0 0 0 0 0 0 0 0 11 0 0 0 0 0 0 0 0 0 0 0 8 8 19 0 0 0 12 11 0 0 0 0 0 0 0 0 0 0 0 19 41 0 0 0 0 0 11 11 0 0 0 0 0 0 0 0 0 0 0 0 11 20 0 0 20 8 8 10 90ff8f17742e35022a36473867119d85_1608_5509
0 0 0 11 0 0 0 0 0 0 0 0 0 0 0 0 0 0 40 0 0 0 0 0 0 0 0 0 0 8 0 0 0 0 0 0 0 0 0 0 0 0 0 0 0 0 0 11 0 0 0 0 0 0 0 0 0 0 0 0 11 0 0 0 0 0 0 0 0 0 0 0 8 8 19 0 0 0 16 11 0 0 0 0 0 0 0 0 0 0 0 19 40 0 0 0 0 0 11 11 0 0 0 0 0 0 0 0 0 0 0 0 10 20 0 0 19 8 8 10 90ff8f17742e35022a36473867119d85_1608_2076
0 0 0 11 0 0 0 0 0 0 0 0 0 0 0 0 0 0 41 0 0 0 0 0 0 0 0 0 0 7 0 0 0 0 0 0 0 0 0 0 0 0 0 0 0 0 0 11 0 0 0 0 0 0 0 0 0 0 0 0 11 0 0 0 0 0 0 0 0 0 0 0 7 7 19 0 0 0 15 12 0 0 0 0 0 0 0 0 0 0 0 19 42 0 0 0 0 0 11 11 0 0 0 0 0 0 0 0 0 0 0 0 11 19 0 0 20 7 7 11 90ff8f17742e35022a36473867119d85_1608_1752
0 0 0 10 0 0 0 0 0 0 0 0 0 0 0 0 0 0 40 0 0 0 0 0 0 0 0 0 0 8 0 0 0 0 0 0 0 0 0 0 0 0 0 0 0 0 0 11 0 0 0 0 0 0 0 0 0 0 0 0 11 0 0 0 0 0 0 0 0 0 0 0 8 8 21 0 0 0 13 10 0 0 0 0 0 0 0 0 0 0 0 21 40 0 0 0 0 0 10 10 0 0 0 0 0 0 0 0 0 0 0 0 11 21 0 0 21 8 8 9 90ff8f17742e35022a36473867119d85_1608_614
0 0 0 11 0 0 0 0 0 0 0 0 0 0 0 0 0 0 39 0 0 0 0 0 0 0 0 0 0 9 0 0 0 0 0 0 0 0 0 0 0 0 0 0 0 0 0 11 0 0 0 0 0 0 0 0 0 0 0 0 11 0 0 0 0 0 0 0 0 0 0 0 9 9 18 0 0 0 14 11 0 0 0 0 0 0 0 0 0 0 0 19 40 0 0 0 0 0 11 11 0 0 0 0 0 0 0 0 0 0 0 0 11 18 0 0 18 9 9 11 90ff8f17742e35022a36473867119d85_1608_2060
0 0 0 11 0 0 0 0 0 0 0 0 0 0 0 1 0 0 41 0 0 0 0 0 0 0 0 0 0 9 0 0 0 0 0 0 0 0 0 0 0 0 0 0 0 0 0 12 0 0 0 0 0 0 0 0 0 0 0 0 12 0 0 0 0 0 0 0 0 0 0 0 9 9 18 0 0 0 11 9 0 0 0 0 0 0 0 0 0 0 0 18 41 0 0 0 0 0 12 12 0 0 0 0 0 0 0 0 0 0 0 0 12 17 0 0 17 9 9 10 90ff8f17742e35022a36473867119d85_1608_3278
0 0 0 11 0 0 0 0 0 0 0 0 0 0 0 0 0 0 40 0 0 0 0 0 0 0 0 0 0 8 0 0 0 0 0 0 0 0 0 0 0 0 0 0 0 0 0 11 0 0 0 0 0 0 0 0 0 0 0 0 11 0 0 0 0 0 0 0 0 0 0 0 8 8 19 0 0 0 16 10 0 0 0 0 0 0 0 0 0 0 0 19 41 0 0 0 0 0 11 11 0 0 0 0 0 0 0 0 0 0 0 0 11 19 0 0 19 8 7 11 90ff8f17742e35022a36473867119d85_1608_5879
0 0 0 11 0 0 0 0 0 0 0 0 0 0 0 0 0 0 41 0 0 0 0 0 0 0 0 0 0 8 0 0 0 0 0 0 0 0 0 0 0 0 0 0 0 0 0 11 0 0 0 0 0 0 0 0 0 0 0 0 10 0 0 0 0 0 0 0 0 0 0 0 8 8 19 0 0 0 14 11 0 0 0 0 0 0 0 0 0 0 0 19 41 0 0 0 0 0 11 11 0 0 0 0 0 0 0 0 0 0 0 0 10 19 0 0 19 8 9 11 90ff8f17742e35022a36473867119d85_1608_1674
0 0 0 11 0 0 0 0 0 0 0 0 0 0 0 0 0 0 40 0 0 0 0 0 0 0 0 0 0 8 0 0 0 0 0 0 0 0 0 0 0 0 0 0 0 0 0 11 0 0 0 0 0 0 0 0 0 0 0 0 11 0 0 0 0 0 0 0 0 0 0 0 8 8 19 0 0 0 16 10 0 0 0 0 0 0 0 0 0 0 0 19 40 0 0 0 0 0 11 12 0 0 0 0 0 0 0 0 0 0 0 0 11 19 0 0 19 8 8 10 90ff8f17742e35022a36473867119d85_1608_1846
0 0 0 11 0 0 0 0 0 0 0 0 0 0 0 1 0 0 42 0 0 0 0 0 0 0 0 0 0 8 0 0 0 0 0 0 0 0 0 0 0 0 0 0 0 0 0 10 0 0 0 0 0 0 0 0 0 0 0 0 10 0 0 0 0 0 0 0 0 0 0 0 8 8 19 0 0 0 15 11 0 0 0 0 0 0 0 0 0 0 0 18 42 0 0 0 0 0 11 10 0 0 0 0 0 0 0 0 0 0 0 0 10 19 0 0 19 8 8 11 90ff8f17742e35022a36473867119d85_1608_3429
0 0 0 11 0 0 0 0 0 0 0 0 0 0 0 0 0 0 40 0 0 0 0 0 0 0 0 0 0 8 0 0 0 0 0 0 0 0 0 0 0 0 0 0 0 0 0 11 0 0 0 0 0 0 0 0 0 0 0 0 11 0 0 0 0 0 0 0 0 0 0 0 8 8 19 0 0 0 16 10 0 0 0 0 0 0 0 0 0 0 0 19 40 0 0 0 0 0 11 11 0 0 0 0 0 0 0 0 0 0 0 0 12 19 0 0 19 8 8 10 90ff8f17742e35022a36473867119d85_1608_1893
0 0 0 11 0 0 0 0 0 0 0 0 0 0 0 1 0 0 40 0 0 0 0 0 0 0 0 0 0 8 0 0 0 0 0 0 0 0 0 0 0 0 0 0 0 0 0 11 0 0 0 0 0 0 0 0 0 0 0 0 11 0 0 0 0 0 0 0 0 0 0 0 8 8 19 0 0 0 16 10 0 0 0 0 0 0 0 0 0 0 0 19 41 0 0 0 0 0 11 11 0 0 0 0 0 0 0 0 0 0 0 0 10 19 0 0 19 8 8 10 90ff8f17742e35022a36473867119d85_1608_3152
0 0 0 10 0 0 0 0 0 0 0 0 0 0 0 0 0 0 39 0 0 0 0 0 0 0 0 0 0 9 0 0 0 0 0 0 0 0 0 0 0 0 0 0 0 0 0 11 0 0 0 0 0 0 0 0 0 0 0 0 11 0 0 0 0 0 0 0 0 0 0 0 9 9 20 0 0 0 12 10 0 0 0 0 0 0 0 0 0 0 0 20 39 0 0 0 0 0 11 11 0 0 0 0 0 0 0 0 0 0 0 0 11 20 0 0 20 9 9 9 90ff8f17742e35022a36473867119d85_1608_2160
0 0 0 11 0 0 0 0 0 0 0 0 0 0 0 0 0 0 41 0 0 0 0 0 0 0 0 0 0 8 0 0 0 0 0 0 0 0 0 0 0 0 0 0 0 0 0 11 0 0 0 0 0 0 0 0 0 0 0 0 10 0 0 0 0 0 0 0 0 0 0 0 8 8 20 0 0 0 12 11 0 0 0 0 0 0 0 0 0 0 0 20 41 0 0 0 0 0 11 11 0 0 0 0 0 0 0 0 0 0 0 0 10 20 0 0 20 8 8 10 90ff8f17742e35022a36473867119d85_1608_5765
0 0 0 10 0 0 0 0 0 0 0 0 0 0 0 0 0 0 40 0 0 0 0 0 0 0 0 0 0 8 0 0 0 0 0 0 0 0 0 0 0 0 0 0 0 0 0 11 0 0 0 0 0 0 0 0 0 0 0 0 11 0 0 0 0 0 0 0 0 0 0 0 8 8 21 0 0 0 13 10 0 0 0 0 0 0 0 0 0 0 0 21 40 0 0 0 0 0 10 11 0 0 0 0 0 0 0 0 0 0 0 0 11 20 0 0 21 8 8 9 90ff8f17742e35022a36473867119d85_1608_1873
0 0 0 10 0 0 0 0 0 0 0 0 0 0 0 1 0 0 40 0 0 0 0 0 0 0 0 0 0 9 0 0 0 0 0 0 0 0 0 0 0 0 0 0 0 0 0 11 0 0 0 0 0 0 0 0 0 0 0 0 11 0 0 0 0 0 0 0 0 0 0 0 9 9 20 0 0 0 12 10 0 0 0 0 0 0 0 0 0 0 0 20 40 0 0 0 0 0 10 10 0 0 0 0 0 0 0 0 0 0 0 0 11 19 0 0 20 9 9 9 90ff8f17742e35022a36473867119d85_1608_3419
0 0 0 11 0 0 0 0 0 0 0 0 0 0 0 1 0 0 41 0 0 0 0 0 0 0 0 0 0 8 0 0 0 0 0 0 0 0 0 0 0 0 0 0 0 0 0 11 0 0 0 0 0 0 0 0 0 0 0 0 11 0 0 0 0 0 0 0 0 0 0 0 8 8 19 0 0 0 16 10 0 0 0 0 0 0 0 0 0 0 0 19 40 0 0 0 0 0 10 11 0 0 0 0 0 0 0 0 0 0 0 0 11 19 0 0 19 8 8 10 90ff8f17742e35022a36473867119d85_1608_5926
0 0 0 11 0 0 0 0 0 0 0 0 0 0 0 1 0 0 41 0 0 0 0 0 0 0 0 0 0 8 0 0 0 0 0 0 0 0 0 0 0 0 0 0 0 0 0 10 0 0 0 0 0 0 0 0 0 0 0 0 10 0 0 0 0 0 0 0 0 0 0 0 8 8 19 0 0 0 16 11 0 0 0 0 0 0 0 0 0 0 0 19 41 0 0 0 0 0 11 10 0 0 0 0 0 0 0 0 0 0 0 0 10 20 0 0 19 8 8 10 90ff8f17742e35022a36473867119d85_1608_3638
0 0 0 11 0 0 0 0 0 0 0 0 0 0 0 0 0 0 41 0 0 0 0 0 0 0 0 0 0 9 0 0 0 0 0 0 0 0 0 0 0 0 0 0 0 0 0 11 0 0 0 0 0 0 0 0 0 0 0 0 11 0 0 0 0 0 0 0 0 0 0 0 9 9 18 0 0 0 11 11 0 0 0 0 0 0 0 0 0 0 0 18 41 0 0 0 0 0 11 11 0 0 0 0 0 0 0 0 0 0 0 0 11 19 0 0 19 9 9 10 90ff8f17742e35022a36473867119d85_1608_619
0 0 0 11 0 0 0 0 0 0 0 0 0 0 0 0 0 0 40 0 0 0 0 0 0 0 0 0 0 8 0 0 0 0 0 0 0 0 0 0 0 0 0 0 0 0 0 11 0 0 0 0 0 0 0 0 0 0 0 0 11 0 0 0 0 0 0 0 0 0 0 0 8 8 20 0 0 0 13 11 0 0 0 0 0 0 0 0 0 0 0 20 40 0 0 0 0 0 11 11 0 0 0 0 0 0 0 0 0 0 0 0 11 20 0 0 19 8 8 10 90ff8f17742e35022a36473867119d85_1608_4903
0 0 0 11 0 0 0 0 0 0 0 0 0 0 0 0 0 0 39 0 0 0 0 0 0 0 0 0 0 9 0 0 0 0 0 0 0 0 0 0 0 0 0 0 0 0 0 11 0 0 0 0 0 0 0 0 0 0 0 0 11 0 0 0 0 0 0 0 0 0 0 0 9 9 19 0 0 0 14 11 0 0 0 0 0 0 0 0 0 0 0 19 39 0 0 0 0 0 11 11 0 0 0 0 0 0 0 0 0 0 0 0 11 19 0 0 19 9 9 9 90ff8f17742e35022a36473867119d85_1608_5884
0 0 0 11 0 0 0 0 0 0 0 0 0 0 0 0 0 0 40 0 0 0 0 0 0 0 0 0 0 9 0 0 0 0 0 0 0 0 0 0 0 0 0 0 0 0 0 11 0 0 0 0 0 0 0 0 0 0 0 0 11 0 0 0 0 0 0 0 0 0 0 0 9 9 19 0 0 0 14 11 0 0 0 0 0 0 0 0 0 0 0 19 39 0 0 0 0 0 11 11 0 0 0 0 0 0 0 0 0 0 0 0 11 18 0 0 18 9 9 10 90ff8f17742e35022a36473867119d85_1608_4275
0 0 0 11 0 0 0 0 0 0 0 0 0 0 0 1 0 0 42 0 0 0 0 0 0 0 0 0 0 7 0 0 0 0 0 0 0 0 0 0 0 0 0 0 0 0 0 11 0 0 0 0 0 0 0 0 0 0 0 0 11 0 0 0 0 0 0 0 0 0 0 0 7 8 19 0 0 0 15 11 0 0 0 0 0 0 0 0 0 0 0 19 41 0 0 0 0 0 11 11 0 0 0 0 0 0 0 0 0 0 0 0 11 18 0 0 18 8 8 11 90ff8f17742e35022a36473867119d85_1608_655
0 0 0 11 0 0 0 0 0 0 0 0 0 0 0 0 0 0 41 0 0 0 0 0 0 0 0 0 0 7 0 0 0 0 0 0 0 0 0 0 0 0 0 0 0 0 0 11 0 0 0 0 0 0 0 0 0 0 0 0 11 0 0 0 0 0 0 0 0 0 0 0 7 7 19 0 0 0 15 11 0 0 0 0 0 0 0 0 0 0 0 19 42 0 0 0 0 0 11 11 0 0 0 0 0 0 0 0 0 0 0 0 11 20 0 0 20 7 7 11 90ff8f17742e35022a36473867119d85_1608_1052
0 0 0 11 0 0 0 0 0 0 0 0 0 0 0 0 0 0 42 0 0 0 0 0 0 0 0 0 0 7 0 0 0 0 0 0 0 0 0 0 0 0 0 0 0 0 0 11 0 0 0 0 0 0 0 0 0 0 0 0 11 0 0 0 0 0 0 0 0 0 0 0 7 7 19 0 0 0 14 11 0 0 0 0 0 0 0 0 0 0 0 19 42 0 0 0 0 0 11 11 0 0 0 0 0 0 0 0 0 0 0 0 11 20 0 0 20 7 7 11 90ff8f17742e35022a36473867119d85_1608_3377
0 0 0 11 0 0 0 0 0 0 0 0 0 0 0 0 0 0 41 0 0 0 0 0 0 0 0 0 0 8 0 0 0 0 0 0 0 0 0 0 0 0 0 0 0 0 0 11 0 0 0 0 0 0 0 0 0 0 0 0 11 0 0 0 0 0 0 0 0 0 0 0 8 8 18 0 0 0 15 11 0 0 0 0 0 0 0 0 0 0 0 18 41 0 0 0 0 0 11 11 0 0 0 0 0 0 0 0 0 0 0 0 11 19 0 0 19 8 8 11 90ff8f17742e35022a36473867119d85_1608_1261
0 0 0 11 0 0 0 0 0 0 0 0 0 0 0 0 0 0 41 0 0 0 0 0 0 0 0 0 0 8 0 0 0 0 0 0 0 0 0 0 0 0 0 0 0 0 0 11 0 0 0 0 0 0 0 0 0 0 0 0 11 0 0 0 0 0 0 0 0 0 0 0 8 8 19 0 0 0 15 11 0 0 0 0 0 0 0 0 0 0 0 19 41 0 0 0 0 0 10 10 0 0 0 0 0 0 0 0 0 0 0 0 11 19 0 0 19 8 8 11 90ff8f17742e35022a36473867119d85_1608_1517
0 0 0 11 0 0 0 0 0 0 0 0 0 0 0 0 0 0 39 0 0 0 0 0 0 0 0 0 0 9 0 0 0 0 0 0 0 0 0 0 0 0 0 0 0 0 0 11 0 0 0 0 0 0 0 0 0 0 0 0 11 0 0 0 0 0 0 0 0 0 0 0 9 9 19 0 0 0 14 11 0 0 0 0 0 0 0 0 0 0 0 19 39 0 0 0 0 0 11 11 0 0 0 0 0 0 0 0 0 0 0 0 11 18 0 0 19 9 9 10 90ff8f17742e35022a36473867119d85_1608_2410
0 0 0 11 0 0 0 0 0 0 0 0 0 0 0 0 0 0 41 0 0 0 0 0 0 0 0 0 0 8 0 0 0 0 0 0 0 0 0 0 0 0 0 0 0 0 0 10 0 0 0 0 0 0 0 0 0 0 0 0 10 0 0 0 0 0 0 0 0 0 0 0 8 8 19 0 0 0 15 11 0 0 0 0 0 0 0 0 0 0 0 19 41 0 0 0 0 0 11 11 0 0 0 0 0 0 0 0 0 0 0 0 11 19 0 0 19 8 8 11 90ff8f17742e35022a36473867119d85_1608_2170
0 0 0 11 0 0 0 0 0 0 0 0 0 0 0 0 0 0 41 0 0 0 0 0 0 0 0 0 0 8 0 0 0 0 0 0 0 0 0 0 0 0 0 0 0 0 0 11 0 0 0 0 0 0 0 0 0 0 0 0 11 0 0 0 0 0 0 0 0 0 0 0 8 8 19 0 0 0 16 10 0 0 0 0 0 0 0 0 0 0 0 19 41 0 0 0 0 0 11 11 0 0 0 0 0 0 0 0 0 0 0 0 11 19 0 0 19 7 7 11 90ff8f17742e35022a36473867119d85_1608_3058
0 0 0 11 0 0 0 0 0 0 0 0 0 0 0 0 0 0 41 0 0 0 0 0 0 0 0 0 0 8 0 0 0 0 0 0 0 0 0 0 0 0 0 0 0 0 0 11 0 0 0 0 0 0 0 0 0 0 0 0 10 0 0 0 0 0 0 0 0 0 0 0 8 8 19 0 0 0 14 11 0 0 0 0 0 0 0 0 0 0 0 19 41 0 0 0 0 0 11 11 0 0 0 0 0 0 0 0 0 0 0 0 10 19 0 0 19 8 9 11 90ff8f17742e35022a36473867119d85_1608_1021
0 0 0 11 0 0 0 0 0 0 0 0 0 0 0 0 0 0 41 0 0 0 0 0 0 0 0 0 0 8 0 0 0 0 0 0 0 0 0 0 0 0 0 0 0 0 0 11 0 0 0 0 0 0 0 0 0 0 0 0 11 0 0 0 0 0 0 0 0 0 0 0 7 8 19 0 0 0 15 11 0 0 0 0 0 0 0 0 0 0 0 19 41 0 0 0 0 0 11 11 0 0 0 0 0 0 0 0 0 0 0 0 11 18 0 0 19 8 8 11 90ff8f17742e35022a36473867119d85_1608_2567
0 0 0 11 0 0 0 0 0 0 0 0 0 0 0 0 0 0 41 0 0 0 0 0 0 0 0 0 0 7 0 0 0 0 0 0 0 0 0 0 0 0 0 0 0 0 0 11 0 0 0 0 0 0 0 0 0 0 0 0 11 0 0 0 0 0 0 0 0 0 0 0 7 8 19 0 0 0 14 11 0 0 0 0 0 0 0 0 0 0 0 20 41 0 0 0 0 0 11 11 0 0 0 0 0 0 0 0 0 0 0 0 11 19 0 0 19 8 8 11 90ff8f17742e35022a36473867119d85_1608_4192
0 0 0 11 0 0 0 0 0 0 0 0 0 0 0 1 0 0 42 0 0 0 0 0 0 0 0 0 0 7 0 0 0 0 0 0 0 0 0 0 0 0 0 0 0 0 0 11 0 0 0 0 0 0 0 0 0 0 0 0 11 0 0 0 0 0 0 0 0 0 0 0 7 7 19 0 0 0 14 11 0 0 0 0 0 0 0 0 0 0 0 20 42 0 0 0 0 0 11 11 0 0 0 0 0 0 0 0 0 0 0 0 11 19 0 0 19 7 7 11 90ff8f17742e35022a36473867119d85_1608_509
0 0 0 11 0 0 0 0 0 0 0 0 0 0 0 0 0 0 41 0 0 0 0 0 0 0 0 0 0 7 0 0 0 0 0 0 0 0 0 0 0 0 0 0 0 0 0 11 0 0 0 0 0 0 0 0 0 0 0 0 11 0 0 0 0 0 0 0 0 0 0 0 7 7 19 0 0 0 15 12 0 0 0 0 0 0 0 0 0 0 0 19 41 0 0 0 0 0 11 11 0 0 0 0 0 0 0 0 0 0 0 0 11 20 0 0 20 7 7 11 90ff8f17742e35022a36473867119d85_1608_4526
0 0 0 11 0 0 0 0 0 0 0 0 0 0 0 0 0 0 41 0 0 0 0 0 0 0 0 0 0 7 0 0 0 0 0 0 0 0 0 0 0 0 0 0 0 0 0 11 0 0 0 0 0 0 0 0 0 0 0 0 11 0 0 0 0 0 0 0 0 0 0 0 7 7 20 0 0 0 14 10 0 0 0 0 0 0 0 0 0 0 0 20 42 0 0 0 0 0 11 11 0 0 0 0 0 0 0 0 0 0 0 0 11 20 0 0 20 7 7 11 90ff8f17742e35022a36473867119d85_1608_2818
0 0 0 11 0 0 0 0 0 0 0 0 0 0 0 0 0 0 40 0 0 0 0 0 0 0 0 0 0 8 0 0 0 0 0 0 0 0 0 0 0 0 0 0 0 0 0 11 0 0 0 0 0 0 0 0 0 0 0 0 11 0 0 0 0 0 0 0 0 0 0 0 8 8 19 0 0 0 16 10 0 0 0 0 0 0 0 0 0 0 0 19 40 0 0 0 0 0 12 11 0 0 0 0 0 0 0 0 0 0 0 0 11 19 0 0 19 8 8 10 90ff8f17742e35022a36473867119d85_1608_1543
0 0 0 11 0 0 0 0 0 0 0 0 0 0 0 1 0 0 41 0 0 0 0 0 0 0 0 0 0 8 0 0 0 0 0 0 0 0 0 0 0 0 0 0 0 0 0 11 0 0 0 0 0 0 0 0 0 0 0 0 11 0 0 0 0 0 0 0 0 0 0 0 8 8 19 0 0 0 16 10 0 0 0 0 0 0 0 0 0 0 0 19 41 0 0 0 0 0 10 10 0 0 0 0 0 0 0 0 0 0 0 0 11 19 0 0 19 8 8 10 90ff8f17742e35022a36473867119d85_1608_587
0 0 0 10 0 0 0 0 0 0 0 0 0 0 0 0 0 0 40 0 0 0 0 0 0 0 0 0 0 8 0 0 0 0 0 0 0 0 0 0 0 0 0 0 0 0 0 11 0 0 0 0 0 0 0 0 0 0 0 0 11 0 0 0 0 0 0 0 0 0 0 0 8 8 21 0 0 0 13 10 0 0 0 0 0 0 0 0 0 0 0 21 40 0 0 0 0 0 11 11 0 0 0 0 0 0 0 0 0 0 0 0 11 20 0 0 20 8 8 9 90ff8f17742e35022a36473867119d85_1608_5300
0 0 0 11 0 0 0 0 0 0 0 0 0 0 0 1 0 0 42 0 0 0 0 0 0 0 0 0 0 7 0 0 0 0 0 0 0 0 0 0 0 0 0 0 0 0 0 11 0 0 0 0 0 0 0 0 0 0 0 0 11 0 0 0 0 0 0 0 0 0 0 0 7 7 19 0 0 0 15 12 0 0 0 0 0 0 0 0 0 0 0 19 42 0 0 0 0 0 11 11 0 0 0 0 0 0 0 0 0 0 0 0 11 19 0 0 18 7 7 11 90ff8f17742e35022a36473867119d85_1608_3011
0 0 0 11 0 0 0 0 0 0 0 0 0 0 0 0 0 0 41 0 0 0 0 0 0 0 0 0 0 8 0 0 0 0 0 0 0 0 0 0 0 0 0 0 0 0 0 10 0 0 0 0 0 0 0 0 0 0 0 0 10 0 0 0 0 0 0 0 0 0 0 0 8 8 19 0 0 0 16 11 0 0 0 0 0 0 0 0 0 0 0 19 41 0 0 0 0 0 11 10 0 0 0 0 0 0 0 0 0 0 0 0 10 20 0 0 20 8 8 10 90ff8f17742e35022a36473867119d85_1608_4547
0 0 0 11 0 0 0 0 0 0 0 0 0 0 0 0 0 0 42 0 0 0 0 0 0 0 0 0 0 7 0 0 0 0 0 0 0 0 0 0 0 0 0 0 0 0 0 11 0 0 0 0 0 0 0 0 0 0 0 0 11 0 0 0 0 0 0 0 0 0 0 0 7 7 20 0 0 0 14 11 0 0 0 0 0 0 0 0 0 0 0 20 42 0 0 0 0 0 11 11 0 0 0 0 0 0 0 0 0 0 0 0 11 19 0 0 19 7 7 11 90ff8f17742e35022a36473867119d85_1608_906
0 0 0 11 0 0 0 0 0 0 0 0 0 0 0 0 0 0 41 0 0 0 0 0 0 0 0 0 0 8 0 0 0 0 0 0 0 0 0 0 0 0 0 0 0 0 0 11 0 0 0 0 0 0 0 0 0 0 0 0 11 0 0 0 0 0 0 0 0 0 0 0 8 8 19 0 0 0 15 11 0 0 0 0 0 0 0 0 0 0 0 19 41 0 0 0 0 0 11 11 0 0 0 0 0 0 0 0 0 0 0 0 11 18 0 0 18 8 8 11 90ff8f17742e35022a36473867119d85_1608_958
0 0 0 10 0 0 0 0 0 0 0 0 0 0 0 0 0 0 40 0 0 0 0 0 0 0 0 0 0 8 0 0 0 0 0 0 0 0 0 0 0 0 0 0 0 0 0 11 0 0 0 0 0 0 0 0 0 0 0 0 11 0 0 0 0 0 0 0 0 0 0 0 8 8 21 0 0 0 13 10 0 0 0 0 0 0 0 0 0 0 0 21 40 0 0 0 0 0 11 11 0 0 0 0 0 0 0 0 0 0 0 0 11 20 0 0 20 8 8 9 90ff8f17742e35022a36473867119d85_1608_1826
0 0 0 11 0 0 0 0 0 0 0 0 0 0 0 0 0 0 41 0 0 0 0 0 0 0 0 0 0 7 0 0 0 0 0 0 0 0 0 0 0 0 0 0 0 0 0 11 0 0 0 0 0 0 0 0 0 0 0 0 11 0 0 0 0 0 0 0 0 0 0 0 7 7 20 0 0 0 15 12 0 0 0 0 0 0 0 0 0 0 0 20 41 0 0 0 0 0 11 11 0 0 0 0 0 0 0 0 0 0 0 0 11 19 0 0 19 7 7 11 90ff8f17742e35022a36473867119d85_1608_4223
0 0 0 11 0 0 0 0 0 0 0 0 0 0 0 0 0 0 41 0 0 0 0 0 0 0 0 0 0 7 0 0 0 0 0 0 0 0 0 0 0 0 0 0 0 0 0 11 0 0 0 0 0 0 0 0 0 0 0 0 11 0 0 0 0 0 0 0 0 0 0 0 7 7 20 0 0 0 14 11 0 0 0 0 0 0 0 0 0 0 0 20 41 0 0 0 0 0 11 11 0 0 0 0 0 0 0 0 0 0 0 0 11 20 0 0 20 7 7 11 90ff8f17742e35022a36473867119d85_1608_3027
0 0 0 11 0 0 0 0 0 0 0 0 0 0 0 1 0 0 40 0 0 0 0 0 0 0 0 0 0 9 0 0 0 0 0 0 0 0 0 0 0 0 0 0 0 0 0 12 0 0 0 0 0 0 0 0 0 0 0 0 12 0 0 0 0 0 0 0 0 0 0 0 9 9 18 0 0 0 12 9 0 0 0 0 0 0 0 0 0 0 0 19 40 0 0 0 0 0 11 11 0 0 0 0 0 0 0 0 0 0 0 0 12 18 0 0 18 9 9 10 90ff8f17742e35022a36473867119d85_1608_3628
0 0 0 11 0 0 0 0 0 0 0 0 0 0 0 0 0 0 40 0 0 0 0 0 0 0 0 0 0 8 0 0 0 0 0 0 0 0 0 0 0 0 0 0 0 0 0 11 0 0 0 0 0 0 0 0 0 0 0 0 11 0 0 0 0 0 0 0 0 0 0 0 8 8 19 0 0 0 15 11 0 0 0 0 0 0 0 0 0 0 0 19 40 0 0 0 0 0 11 11 0 0 0 0 0 0 0 0 0 0 0 0 11 19 0 0 19 8 8 11 90ff8f17742e35022a36473867119d85_1608_1167
0 0 0 10 0 0 0 0 0 0 0 0 0 0 0 0 0 0 40 0 0 0 0 0 0 0 0 0 0 8 0 0 0 0 0 0 0 0 0 0 0 0 0 0 0 0 0 11 0 0 0 0 0 0 0 0 0 0 0 0 11 0 0 0 0 0 0 0 0 0 0 0 8 8 21 0 0 0 13 10 0 0 0 0 0 0 0 0 0 0 0 21 40 0 0 0 0 0 10 10 0 0 0 0 0 0 0 0 0 0 0 0 11 21 0 0 21 8 8 9 90ff8f17742e35022a36473867119d85_1608_2176
0 0 0 11 0 0 0 0 0 0 0 0 0 0 0 0 0 0 42 0 0 0 0 0 0 0 0 0 0 7 0 0 0 0 0 0 0 0 0 0 0 0 0 0 0 0 0 11 0 0 0 0 0 0 0 0 0 0 0 0 11 0 0 0 0 0 0 0 0 0 0 0 7 7 19 0 0 0 14 11 0 0 0 0 0 0 0 0 0 0 0 19 42 0 0 0 0 0 11 11 0 0 0 0 0 0 0 0 0 0 0 0 11 20 0 0 20 7 7 11 90ff8f17742e35022a36473867119d85_1608_5895
0 0 0 10 0 0 0 0 0 0 0 0 0 0 0 0 0 0 40 0 0 0 0 0 0 0 0 0 0 8 0 0 0 0 0 0 0 0 0 0 0 0 0 0 0 0 0 11 0 0 0 0 0 0 0 0 0 0 0 0 11 0 0 0 0 0 0 0 0 0 0 0 8 8 20 0 0 0 15 10 0 0 0 0 0 0 0 0 0 0 0 20 40 0 0 0 0 0 11 11 0 0 0 0 0 0 0 0 0 0 0 0 11 20 0 0 20 8 7 10 90ff8f17742e35022a36473867119d85_1608_347
0 0 0 11 0 0 0 0 0 0 0 0 0 0 0 0 0 0 40 0 0 0 0 0 0 0 0 0 0 9 0 0 0 0 0 0 0 0 0 0 0 0 0 0 0 0 0 10 0 0 0 0 0 0 0 0 0 0 0 0 10 0 0 0 0 0 0 0 0 0 0 0 9 9 19 0 0 0 12 11 0 0 0 0 0 0 0 0 0 0 0 19 40 0 0 0 0 0 11 11 0 0 0 0 0 0 0 0 0 0 0 0 10 19 0 0 19 10 10 10 90ff8f17742e35022a36473867119d85_1608_5608
0 0 0 11 0 0 0 0 0 0 0 0 0 0 0 0 0 0 41 0 0 0 0 0 0 0 0 0 0 8 0 0 0 0 0 0 0 0 0 0 0 0 0 0 0 0 0 11 0 0 0 0 0 0 0 0 0 0 0 0 11 0 0 0 0 0 0 0 0 0 0 0 8 8 19 0 0 0 15 11 0 0 0 0 0 0 0 0 0 0 0 19 40 0 0 0 0 0 10 11 0 0 0 0 0 0 0 0 0 0 0 0 11 19 0 0 19 8 8 11 90ff8f17742e35022a36473867119d85_1608_160
