0.000000000000000000e+00
-4.169256503605761610e-02
9.742952257424612045e-04
9.742952257424531814e-04
9.742952257424529645e-04
9.742952257424529645e-04
9.742952257424546993e-04
0.000000000000000000e+00
0.000000000000000000e+00
0.000000000000000000e+00
9.742952257424099217e-04
-8.338513007211523220e-02
0.000000000000000000e+00
-1.250776951081728483e-01
-4.169256503605761610e-02
-4.169256503605761610e-02
9.742952257424046091e-04
9.742952257424578434e-04
-4.169256503605761610e-02
0.000000000000000000e+00
9.742952257424694444e-04
9.742952257424769254e-04
0.000000000000000000e+00
0.000000000000000000e+00
0.000000000000000000e+00
0.000000000000000000e+00
0.000000000000000000e+00
0.000000000000000000e+00
0.000000000000000000e+00
0.000000000000000000e+00
0.000000000000000000e+00
0.000000000000000000e+00
0.000000000000000000e+00
0.000000000000000000e+00
0.000000000000000000e+00
0.000000000000000000e+00
0.000000000000000000e+00
0.000000000000000000e+00
0.000000000000000000e+00
0.000000000000000000e+00
0.000000000000000000e+00
0.000000000000000000e+00
0.000000000000000000e+00
0.000000000000000000e+00
0.000000000000000000e+00
0.000000000000000000e+00
0.000000000000000000e+00
0.000000000000000000e+00
0.000000000000000000e+00
0.000000000000000000e+00
0.000000000000000000e+00
0.000000000000000000e+00
